9.920100000e-04 3.815149281e+03 3.815123443e+03 
1.006300000e-03 3.865999973e+03 3.865920188e+03 
1.020800000e-03 3.917499973e+03 3.917416797e+03 
1.035500000e-03 3.969699973e+03 3.969613238e+03 
1.050400000e-03 4.022499972e+03 4.022409571e+03 
1.065500000e-03 4.075899971e+03 4.075805712e+03 
1.080800000e-03 4.130099969e+03 4.130001710e+03 
1.096300000e-03 4.184799967e+03 4.184697569e+03 
1.112100000e-03 4.240299967e+03 4.240193183e+03 
1.128100000e-03 4.296499966e+03 4.296388669e+03 
1.144400000e-03 4.353299971e+03 4.353183922e+03 
1.160800000e-03 4.410899966e+03 4.410779006e+03 
1.177500000e-03 4.469099967e+03 4.468973917e+03 
1.194500000e-03 4.528099970e+03 4.527968508e+03 
1.211600000e-03 4.587799963e+03 4.587662978e+03 
1.229100000e-03 4.648199969e+03 4.648057165e+03 
1.246800000e-03 4.709299971e+03 4.709151087e+03 
1.264700000e-03 4.771199969e+03 4.771044839e+03 
1.282900000e-03 4.833899968e+03 4.833738240e+03 
1.301400000e-03 4.897199974e+03 4.897031385e+03 
1.320100000e-03 4.961399972e+03 4.961224301e+03 
1.339100000e-03 5.026299974e+03 5.026116827e+03 
1.358300000e-03 5.091999970e+03 5.091809151e+03 
1.377900000e-03 5.158499975e+03 5.158301056e+03 
1.397700000e-03 5.225799975e+03 5.225592657e+03 
1.417800000e-03 5.293799977e+03 5.293583983e+03 
1.438200000e-03 5.362699978e+03 5.362474803e+03 
1.458900000e-03 5.432399980e+03 5.432165336e+03 
1.479900000e-03 5.502799986e+03 5.502555461e+03 
1.501200000e-03 5.574199987e+03 5.573945127e+03 
1.522800000e-03 5.646299992e+03 5.646034478e+03 
1.544700000e-03 5.719299994e+03 5.719023246e+03 
1.566900000e-03 5.793099996e+03 5.792811636e+03 
1.589500000e-03 5.867800006e+03 5.867499546e+03 
1.612400000e-03 5.943300015e+03 5.942986848e+03 
1.635600000e-03 6.019700022e+03 6.019373776e+03 
1.659100000e-03 6.096900024e+03 6.096560074e+03 
1.683000000e-03 6.175000036e+03 6.174645788e+03 
1.707200000e-03 6.254100036e+03 6.253731060e+03 
1.731700000e-03 6.334000037e+03 6.333615543e+03 
1.756700000e-03 6.414700061e+03 6.414299451e+03 
1.781900000e-03 6.496400060e+03 6.495982750e+03 
1.807600000e-03 6.579000078e+03 6.578565218e+03 
1.833600000e-03 6.662500089e+03 6.662047206e+03 
1.860000000e-03 6.746900104e+03 6.746428167e+03 
1.886700000e-03 6.832300102e+03 6.831808554e+03 
1.913900000e-03 6.918600124e+03 6.918088095e+03 
1.941400000e-03 7.005800131e+03 7.005266688e+03 
1.969300000e-03 7.093900142e+03 7.093344630e+03 
1.997700000e-03 7.183000171e+03 7.182421402e+03 
2.026400000e-03 7.273000184e+03 7.272397375e+03 
2.055600000e-03 7.364000204e+03 7.363372463e+03 
2.085100000e-03 7.455900217e+03 7.455246296e+03 
2.115100000e-03 7.548800238e+03 7.548119275e+03 
2.145600000e-03 7.642700270e+03 7.641990998e+03 
2.176500000e-03 7.737600299e+03 7.736861536e+03 
2.207800000e-03 7.833400319e+03 7.832631229e+03 
2.239500000e-03 7.930200334e+03 7.929399282e+03 
2.271800000e-03 8.027900387e+03 8.027066168e+03 
2.304400000e-03 8.126700394e+03 8.125831913e+03 
2.337600000e-03 8.226400432e+03 8.225495903e+03 
2.371200000e-03 8.327200458e+03 8.326258905e+03 
2.405400000e-03 8.428900518e+03 8.427919921e+03 
2.440000000e-03 8.531700552e+03 8.530679610e+03 
2.475100000e-03 8.635400592e+03 8.634337901e+03 
2.510700000e-03 8.740100633e+03 8.738994034e+03 
2.546800000e-03 8.845800668e+03 8.844648866e+03 
2.583400000e-03 8.952600708e+03 8.951401676e+03 
2.620600000e-03 9.060300767e+03 9.059052465e+03 
2.658300000e-03 9.169100809e+03 9.167801852e+03 
2.696600000e-03 9.278800890e+03 9.277448341e+03 
2.735400000e-03 9.389600936e+03 9.388193277e+03 
2.774700000e-03 9.501400980e+03 9.499936071e+03 
2.814700000e-03 9.614201064e+03 9.612676097e+03 
2.855200000e-03 9.728001132e+03 9.726414469e+03 
2.896200000e-03 9.842801171e+03 9.841149808e+03 
2.937900000e-03 9.958601250e+03 9.956882784e+03 
2.980200000e-03 1.007500139e+04 1.007321347e+04 
3.023100000e-03 1.019300146e+04 1.019114063e+04 
3.066600000e-03 1.031200151e+04 1.031006565e+04 
3.110700000e-03 1.043200156e+04 1.042998729e+04 
3.155400000e-03 1.055300159e+04 1.055090604e+04 
3.200800000e-03 1.067400180e+04 1.067182230e+04 
3.246900000e-03 1.079700189e+04 1.079473383e+04 
3.293600000e-03 1.092100193e+04 1.091864288e+04 
3.341000000e-03 1.104600199e+04 1.104354824e+04 
3.389100000e-03 1.117100222e+04 1.116844949e+04 
3.437800000e-03 1.129800227e+04 1.129534810e+04 
3.487300000e-03 1.142600231e+04 1.142324135e+04 
3.537500000e-03 1.155400253e+04 1.155113110e+04 
3.588400000e-03 1.168400257e+04 1.168101699e+04 
3.640000000e-03 1.181400276e+04 1.181089771e+04 
3.692400000e-03 1.194500299e+04 1.194177483e+04 
3.745500000e-03 1.207800297e+04 1.207464628e+04 
3.799400000e-03 1.221100314e+04 1.220751303e+04 
3.854100000e-03 1.234500333e+04 1.234137575e+04 
3.909500000e-03 1.248000343e+04 1.247623159e+04 
3.965800000e-03 1.261600354e+04 1.261208298e+04 
4.022800000e-03 1.275300364e+04 1.274892864e+04 
4.080700000e-03 1.289000391e+04 1.288576780e+04 
4.139400000e-03 1.302900391e+04 1.302460253e+04 
4.199000000e-03 1.316800417e+04 1.316342893e+04 
4.259400000e-03 1.330800435e+04 1.330325008e+04 
4.320700000e-03 1.344900446e+04 1.344406474e+04 
4.382800000e-03 1.359100450e+04 1.358587139e+04 
4.445900000e-03 1.373300477e+04 1.372767230e+04 
4.509900000e-03 1.387600501e+04 1.387046438e+04 
4.574800000e-03 1.402000518e+04 1.401424916e+04 
4.640600000e-03 1.416500517e+04 1.415902733e+04 
4.707300000e-03 1.431000537e+04 1.430379515e+04 
4.775100000e-03 1.445600557e+04 1.444955604e+04 
4.843800000e-03 1.460200595e+04 1.459530773e+04 
4.913500000e-03 1.475000582e+04 1.474304958e+04 
4.984200000e-03 1.489800595e+04 1.489078422e+04 
5.055900000e-03 1.504600625e+04 1.503850623e+04 
5.128600000e-03 1.519500638e+04 1.518722037e+04 
5.202400000e-03 1.534400671e+04 1.533592429e+04 
5.277300000e-03 1.549400686e+04 1.548561538e+04 
5.353200000e-03 1.564500681e+04 1.563629832e+04 
5.430200000e-03 1.579600693e+04 1.578696746e+04 
5.508400000e-03 1.594700729e+04 1.593762538e+04 
5.587600000e-03 1.609900723e+04 1.608927327e+04 
5.668000000e-03 1.625100741e+04 1.624090524e+04 
5.749600000e-03 1.640300777e+04 1.639252707e+04 
5.832300000e-03 1.655600774e+04 1.654513435e+04 
5.916200000e-03 1.670900778e+04 1.669772763e+04 
6.001300000e-03 1.686200806e+04 1.685031020e+04 
6.087700000e-03 1.701600784e+04 1.700387232e+04 
6.175300000e-03 1.716900819e+04 1.715642286e+04 
6.264100000e-03 1.732300809e+04 1.730995813e+04 
6.354300000e-03 1.747700819e+04 1.746347512e+04 
6.445700000e-03 1.763000856e+04 1.761598001e+04 
6.538400000e-03 1.778400840e+04 1.776946342e+04 
6.632500000e-03 1.793800838e+04 1.792293124e+04 
6.727900000e-03 1.809100867e+04 1.807538359e+04 
6.824700000e-03 1.824500851e+04 1.822881265e+04 
6.922900000e-03 1.839800871e+04 1.838122689e+04 
7.022500000e-03 1.855100892e+04 1.853361925e+04 
7.123600000e-03 1.870400879e+04 1.868599133e+04 
7.226100000e-03 1.885600909e+04 1.883734743e+04 
7.330000000e-03 1.900800903e+04 1.898867527e+04 
7.435500000e-03 1.916000886e+04 1.913998614e+04 
7.542500000e-03 1.930901046e+04 1.928827558e+04 
7.651000000e-03 1.946001012e+04 1.943853841e+04 
7.761100000e-03 1.961001034e+04 1.958778197e+04 
7.872800000e-03 1.975901073e+04 1.973599571e+04 
7.986000000e-03 1.990801040e+04 1.988418842e+04 
8.101000000e-03 2.005601052e+04 2.003135610e+04 
8.217500000e-03 2.020301056e+04 2.017749400e+04 
8.335700000e-03 2.034901067e+04 2.032261078e+04 
8.455700000e-03 2.049401119e+04 2.046669559e+04 
8.577300000e-03 2.063801129e+04 2.060975351e+04 
8.700800000e-03 2.078201049e+04 2.075278592e+04 
8.825900000e-03 2.092401055e+04 2.089378320e+04 
8.952900000e-03 2.106401137e+04 2.103275568e+04 
9.081800000e-03 2.120401112e+04 2.117169491e+04 
9.212400000e-03 2.134201128e+04 2.130860215e+04 
9.345000000e-03 2.147901117e+04 2.144448285e+04 
9.479400000e-03 2.161401137e+04 2.157832257e+04 
9.615800000e-03 2.174801115e+04 2.171113391e+04 
9.754200000e-03 2.187901240e+04 2.184091332e+04 
9.894500000e-03 2.201001127e+04 2.197065231e+04 
1.003700000e-02 2.213801195e+04 2.209736079e+04 
1.018100000e-02 2.226501096e+04 2.222303258e+04 
1.032800000e-02 2.238901238e+04 2.234566095e+04 
1.047600000e-02 2.251201096e+04 2.246726711e+04 
1.062700000e-02 2.263201183e+04 2.258582036e+04 
1.078000000e-02 2.275001186e+04 2.270234337e+04 
1.093500000e-02 2.286601089e+04 2.281682551e+04 
1.109200000e-02 2.297901086e+04 2.292826969e+04 
1.125200000e-02 2.309001089e+04 2.303767364e+04 
1.141400000e-02 2.319900914e+04 2.314502870e+04 
1.157800000e-02 2.330400915e+04 2.324835264e+04 
1.174500000e-02 2.340700838e+04 2.334963003e+04 
1.191400000e-02 2.350700701e+04 2.344786335e+04 
1.208500000e-02 2.360400512e+04 2.354306515e+04 
1.225900000e-02 2.369800318e+04 2.363521251e+04 
1.243500000e-02 2.378899977e+04 2.372432801e+04 
1.261400000e-02 2.387400232e+04 2.380740157e+04 
1.279600000e-02 2.395899799e+04 2.389041551e+04 
1.298000000e-02 2.403899488e+04 2.396839750e+04 
1.316700000e-02 2.411698896e+04 2.404432758e+04 
1.335600000e-02 2.418998419e+04 2.411522206e+04 
1.354800000e-02 2.425997719e+04 2.418307525e+04 
1.374300000e-02 2.432596909e+04 2.424687436e+04 
1.394100000e-02 2.438796014e+04 2.430663244e+04 
1.414200000e-02 2.444594979e+04 2.436234474e+04 
1.434500000e-02 2.449993704e+04 2.441402155e+04 
1.455200000e-02 2.454992190e+04 2.446164663e+04 
1.476100000e-02 2.459490615e+04 2.450423669e+04 
1.497300000e-02 2.463588723e+04 2.454278606e+04 
1.518900000e-02 2.467286467e+04 2.457728289e+04 
1.540700000e-02 2.470484011e+04 2.460675186e+04 
1.562900000e-02 2.473181337e+04 2.463117312e+04 
1.585400000e-02 2.475378377e+04 2.465055778e+04 
1.608200000e-02 2.477174850e+04 2.466590807e+04 
1.631300000e-02 2.478371138e+04 2.467522381e+04 
1.654800000e-02 2.479166790e+04 2.468049757e+04 
1.678600000e-02 2.479362243e+04 2.467974146e+04 
1.702800000e-02 2.479057091e+04 2.467394802e+04 
1.727300000e-02 2.478251329e+04 2.466312760e+04 
1.752100000e-02 2.477044507e+04 2.464827803e+04 
1.777300000e-02 2.475137712e+04 2.462640632e+04 
1.802900000e-02 2.472730125e+04 2.459950556e+04 
1.828800000e-02 2.469622504e+04 2.456558983e+04 
1.855200000e-02 2.466113460e+04 2.452764504e+04 
1.881800000e-02 2.461904567e+04 2.448269305e+04 
1.908900000e-02 2.457194567e+04 2.443272321e+04 
1.936400000e-02 2.451883946e+04 2.437674249e+04 
1.964300000e-02 2.445972700e+04 2.431474237e+04 
1.992500000e-02 2.439461107e+04 2.424677128e+04 
2.021200000e-02 2.432348728e+04 2.417277410e+04 
2.050300000e-02 2.424635927e+04 2.409278470e+04 
2.079800000e-02 2.416421910e+04 2.400781172e+04 
2.109700000e-02 2.407508106e+04 2.391583041e+04 
2.140000000e-02 2.397993968e+04 2.381790343e+04 
2.170800000e-02 2.387879396e+04 2.371396709e+04 
2.202100000e-02 2.377263646e+04 2.360503358e+04 
2.233800000e-02 2.365948700e+04 2.348917383e+04 
2.265900000e-02 2.354033889e+04 2.336732576e+04 
2.298500000e-02 2.341519206e+04 2.323953185e+04 
2.331600000e-02 2.328503913e+04 2.310677723e+04 
2.365100000e-02 2.314790166e+04 2.296705589e+04 
2.399100000e-02 2.300675761e+04 2.282342614e+04 
2.433700000e-02 2.285862489e+04 2.267281257e+04 
2.468700000e-02 2.270550358e+04 2.251729172e+04 
2.504200000e-02 2.254639741e+04 2.235585327e+04 
2.540200000e-02 2.238230343e+04 2.218944662e+04 
2.576800000e-02 2.221321886e+04 2.201817475e+04 
2.613900000e-02 2.203915288e+04 2.184195828e+04 
2.651500000e-02 2.186011160e+04 2.166083616e+04 
2.689600000e-02 2.167609490e+04 2.147484883e+04 
2.728300000e-02 2.148710695e+04 2.128391090e+04 
2.767600000e-02 2.129414023e+04 2.108913785e+04 
2.807400000e-02 2.109720525e+04 2.089046126e+04 
2.847800000e-02 2.089531104e+04 2.068686755e+04 
2.888800000e-02 2.069044355e+04 2.048046709e+04 
2.930300000e-02 2.048162240e+04 2.027014053e+04 
2.972500000e-02 2.026983148e+04 2.005697290e+04 
3.015200000e-02 2.005409703e+04 1.983996807e+04 
3.058600000e-02 1.983639152e+04 1.962104948e+04 
3.102600000e-02 1.961573735e+04 1.939933727e+04 
3.147300000e-02 1.939213336e+04 1.917471274e+04 
3.192600000e-02 1.916756754e+04 1.894924013e+04 
3.238500000e-02 1.894006488e+04 1.872097652e+04 
3.285100000e-02 1.871160329e+04 1.849180840e+04 
3.332400000e-02 1.848218493e+04 1.826183985e+04 
3.380300000e-02 1.825182271e+04 1.803098331e+04 
3.429000000e-02 1.802148950e+04 1.780024267e+04 
3.478300000e-02 1.779021948e+04 1.756872302e+04 
3.528300000e-02 1.755997546e+04 1.733829869e+04 
3.579100000e-02 1.732879187e+04 1.710706104e+04 
3.630600000e-02 1.709962547e+04 1.687794033e+04 
3.682800000e-02 1.687051203e+04 1.664889999e+04 
3.735800000e-02 1.664341534e+04 1.642205871e+04 
3.789600000e-02 1.641734879e+04 1.619628976e+04 
3.844100000e-02 1.619428809e+04 1.597363035e+04 
3.899400000e-02 1.597226139e+04 1.575211450e+04 
3.955500000e-02 1.575323639e+04 1.553367103e+04 
4.012400000e-02 1.553720705e+04 1.531828508e+04 
4.070200000e-02 1.532416536e+04 1.510597616e+04 
4.128700000e-02 1.511509835e+04 1.489774601e+04 
4.188100000e-02 1.490901464e+04 1.469263862e+04 
4.248400000e-02 1.470689022e+04 1.449152434e+04 
4.309500000e-02 1.450872849e+04 1.429423475e+04 
4.371500000e-02 1.431548607e+04 1.410200830e+04 
4.434400000e-02 1.412618906e+04 1.391383500e+04 
4.498200000e-02 1.394082633e+04 1.372956109e+04 
4.562900000e-02 1.376133810e+04 1.355127536e+04 
4.628600000e-02 1.358577276e+04 1.337695528e+04 
4.695200000e-02 1.341509022e+04 1.320752376e+04 
4.762800000e-02 1.324927662e+04 1.304303990e+04 
4.831300000e-02 1.308833093e+04 1.288335842e+04 
4.900800000e-02 1.293223685e+04 1.272861728e+04 
4.971300000e-02 1.278001604e+04 1.257779464e+04 
5.042800000e-02 1.263358803e+04 1.243276438e+04 
5.115400000e-02 1.249100550e+04 1.229164465e+04 
5.189000000e-02 1.235322448e+04 1.215530955e+04 
5.263700000e-02 1.222022829e+04 1.202374539e+04 
5.339400000e-02 1.209104369e+04 1.189599472e+04 
5.416200000e-02 1.196469807e+04 1.177112371e+04 
5.494100000e-02 1.184213659e+04 1.165015081e+04 
5.573200000e-02 1.172333789e+04 1.153296169e+04 
5.653400000e-02 1.160638473e+04 1.141766491e+04 
5.734700000e-02 1.149222444e+04 1.130530290e+04 
5.817200000e-02 1.137987958e+04 1.119480588e+04 
5.900900000e-02 1.126935324e+04 1.108625460e+04 
5.985800000e-02 1.115967369e+04 1.097863122e+04 
6.072000000e-02 1.104988177e+04 1.087107320e+04 
6.159300000e-02 1.094094988e+04 1.076454275e+04 
6.248000000e-02 1.083093719e+04 1.065710293e+04 
6.337900000e-02 1.071987933e+04 1.054885731e+04 
6.429000000e-02 1.060777131e+04 1.043978701e+04 
6.521500000e-02 1.049366553e+04 1.032915248e+04 
6.615400000e-02 1.037662166e+04 1.021575996e+04 
6.710600000e-02 1.025667348e+04 1.009988524e+04 
6.807100000e-02 1.013289576e+04 9.980665803e+03 
6.905100000e-02 1.000528770e+04 9.857847912e+03 
7.004400000e-02 9.874270048e+03 9.732454400e+03 
7.105200000e-02 9.738264778e+03 9.602312657e+03 
7.207400000e-02 9.597499489e+03 9.467926924e+03 
7.311100000e-02 9.452000027e+03 9.329722136e+03 
7.416300000e-02 9.301429863e+03 9.186699527e+03 
7.523000000e-02 9.146020973e+03 9.039815991e+03 
7.631300000e-02 8.985814454e+03 8.888626350e+03 
7.741100000e-02 8.820851366e+03 8.733142450e+03 
7.852400000e-02 8.651642645e+03 8.574532434e+03 
7.965400000e-02 8.478404606e+03 8.412325283e+03 
8.080000000e-02 8.301738932e+03 8.248128301e+03 
8.196300000e-02 8.122143389e+03 8.080727800e+03 
8.314200000e-02 7.940217304e+03 7.910695836e+03 
8.433900000e-02 7.756804091e+03 7.740984924e+03 
8.555200000e-02 7.572504064e+03 7.570497857e+03 
8.678300000e-02 7.388414052e+03 7.400701395e+03 
8.803200000e-02 7.205195806e+03 7.232142016e+03 
8.929800000e-02 7.023767002e+03 7.065560538e+03 
9.058300000e-02 6.844851106e+03 6.901799027e+03 
9.188600000e-02 6.669540322e+03 6.741591208e+03 
9.320900000e-02 6.498429034e+03 6.585627699e+03 
9.455000000e-02 6.332410085e+03 6.434357455e+03 
9.591000000e-02 6.172165079e+03 6.288874736e+03 
9.729000000e-02 6.018276105e+03 6.149082999e+03 
9.869000000e-02 5.871312127e+03 6.016011170e+03 
1.001100000e-01 5.731668809e+03 5.890411709e+03 
1.015500000e-01 5.599556706e+03 5.770048214e+03 
1.030100000e-01 5.475166629e+03 5.657378940e+03 
1.044900000e-01 5.358698316e+03 5.551942550e+03 
1.060000000e-01 5.249805811e+03 5.453037238e+03 
1.075200000e-01 5.148526395e+03 5.361454953e+03 
1.090700000e-01 5.054161009e+03 5.275109704e+03 
1.106400000e-01 4.966469584e+03 5.195160773e+03 
1.122300000e-01 4.884798733e+03 5.120558856e+03 
1.138500000e-01 4.808213190e+03 5.049899209e+03 
1.154800000e-01 4.736263013e+03 4.983741419e+03 
1.171400000e-01 4.667706063e+03 4.920187583e+03 
1.188300000e-01 4.601660539e+03 4.859066402e+03 
1.205400000e-01 4.537139368e+03 4.799230662e+03 
1.222700000e-01 4.473132519e+03 4.740111306e+03 
1.240300000e-01 4.408408860e+03 4.680558140e+03 
1.258200000e-01 4.342104498e+03 4.619935204e+03 
1.276300000e-01 4.273633150e+03 4.558124518e+03 
1.294700000e-01 4.202082411e+03 4.493456649e+03 
1.313300000e-01 4.127138136e+03 4.427591208e+03 
1.332200000e-01 4.048242431e+03 4.358498458e+03 
1.351300000e-01 3.965292273e+03 4.286486389e+03 
1.370800000e-01 3.878194498e+03 4.212698235e+03 
1.390500000e-01 3.787338803e+03 4.135368886e+03 
1.410500000e-01 3.693287318e+03 4.056992740e+03 
1.430800000e-01 3.596614867e+03 3.976949003e+03 
1.451400000e-01 3.498170827e+03 3.896050785e+03 
1.472300000e-01 3.399180373e+03 3.815738975e+03 
1.493500000e-01 3.300432268e+03 3.735689443e+03 
1.515000000e-01 3.203017546e+03 3.657365296e+03 
1.536700000e-01 3.108061449e+03 3.580647101e+03 
1.558900000e-01 3.016226371e+03 3.507435514e+03 
1.581300000e-01 2.928608621e+03 3.436149005e+03 
1.604000000e-01 2.845757983e+03 3.369059661e+03 
1.627100000e-01 2.767995546e+03 3.305845650e+03 
1.650500000e-01 2.695796848e+03 3.245715883e+03 
1.674300000e-01 2.628945868e+03 3.190566807e+03 
1.698400000e-01 2.567342382e+03 3.136995226e+03 
1.722800000e-01 2.510577233e+03 3.087262214e+03 
1.747600000e-01 2.457975019e+03 3.040651941e+03 
1.772700000e-01 2.409000933e+03 2.995289110e+03 
1.798200000e-01 2.362684821e+03 2.952484761e+03 
1.824100000e-01 2.318116433e+03 2.910408859e+03 
1.850400000e-01 2.274322528e+03 2.869306243e+03 
1.877000000e-01 2.230680181e+03 2.828159354e+03 
1.904000000e-01 2.186226075e+03 2.787770798e+03 
1.931400000e-01 2.140522789e+03 2.746683599e+03 
1.959200000e-01 2.093058580e+03 2.705148666e+03 
1.987400000e-01 2.043770580e+03 2.664008086e+03 
2.016000000e-01 1.992671648e+03 2.621411743e+03 
2.045000000e-01 1.940108575e+03 2.580125234e+03 
2.074400000e-01 1.886542787e+03 2.538273487e+03 
2.104200000e-01 1.832570390e+03 2.496903148e+03 
2.134500000e-01 1.778911984e+03 2.456474392e+03 
2.165200000e-01 1.726327422e+03 2.416887134e+03 
2.196400000e-01 1.675317585e+03 2.377965648e+03 
2.228000000e-01 1.626510253e+03 2.340106010e+03 
2.260000000e-01 1.580340949e+03 2.304663987e+03 
2.292600000e-01 1.536895480e+03 2.268488195e+03 
2.325500000e-01 1.496251634e+03 2.234705175e+03 
2.359000000e-01 1.458127410e+03 2.201985821e+03 
2.392900000e-01 1.422335568e+03 2.168833829e+03 
2.427400000e-01 1.388252066e+03 2.136517733e+03 
2.462300000e-01 1.355585889e+03 2.104958661e+03 
2.497700000e-01 1.323729876e+03 2.074336483e+03 
2.533700000e-01 1.292163358e+03 2.043744893e+03 
2.570100000e-01 1.260643852e+03 2.014448946e+03 
2.607100000e-01 1.228862834e+03 1.985083700e+03 
2.644600000e-01 1.196784947e+03 1.956820111e+03 
2.682700000e-01 1.164361334e+03 1.928830489e+03 
2.721300000e-01 1.131942424e+03 1.901328741e+03 
2.760400000e-01 1.099735467e+03 1.874892701e+03 
2.800100000e-01 1.068053277e+03 1.848857631e+03 
2.840400000e-01 1.037146097e+03 1.823584698e+03 
2.881300000e-01 1.007343085e+03 1.798309136e+03 
2.922800000e-01 9.787492275e+02 1.773933675e+03 
2.964800000e-01 9.514866447e+02 1.748848771e+03 
3.007500000e-01 9.254125289e+02 1.724534744e+03 
3.050700000e-01 9.004935642e+02 1.700357424e+03 
3.094600000e-01 8.764522530e+02 1.676251304e+03 
3.139200000e-01 8.530881072e+02 1.652622665e+03 
3.184300000e-01 8.302918595e+02 1.629269120e+03 
3.230100000e-01 8.078316864e+02 1.607914927e+03 
3.276600000e-01 7.856310703e+02 1.588140571e+03 
3.323800000e-01 7.636722773e+02 1.564531938e+03 
3.371600000e-01 7.420371413e+02 1.541429051e+03 
3.420100000e-01 7.207824116e+02 1.521025646e+03 
3.469300000e-01 7.000061645e+02 1.500664144e+03 
3.519200000e-01 6.798066941e+02 1.480736631e+03 
3.569900000e-01 6.602208380e+02 1.460775060e+03 
3.621200000e-01 6.413238833e+02 1.441123220e+03 
3.673300000e-01 6.230504523e+02 1.421393662e+03 
3.726200000e-01 6.053499063e+02 1.401851567e+03 
3.779800000e-01 5.881852163e+02 1.382694243e+03 
3.834200000e-01 5.714685103e+02 1.363644557e+03 
3.889300000e-01 5.551702888e+02 1.344963390e+03 
3.945300000e-01 5.392056145e+02 1.326511817e+03 
4.002100000e-01 5.236003120e+02 1.308601174e+03 
4.059700000e-01 5.083634655e+02 1.290975422e+03 
4.118100000e-01 4.935118918e+02 1.273690866e+03 
4.177300000e-01 4.790738150e+02 1.256496335e+03 
4.237400000e-01 4.650338193e+02 1.239528573e+03 
4.298400000e-01 4.514016467e+02 1.222459364e+03 
4.360200000e-01 4.381862176e+02 1.205726501e+03 
4.423000000e-01 4.253237255e+02 1.189156664e+03 
4.486600000e-01 4.128372831e+02 1.172889559e+03 
4.551200000e-01 4.006740261e+02 1.156827546e+03 
4.616600000e-01 3.888506567e+02 1.140753766e+03 
4.683100000e-01 3.773160977e+02 1.124912847e+03 
4.750500000e-01 3.661008643e+02 1.109357660e+03 
4.818800000e-01 3.552071104e+02 1.094016363e+03 
4.888100000e-01 3.446116714e+02 1.078868826e+03 
4.958500000e-01 3.343061816e+02 1.063812647e+03 
5.029800000e-01 3.243102938e+02 1.048948811e+03 
5.102200000e-01 3.145834273e+02 1.034241531e+03 
5.175600000e-01 3.051402033e+02 1.019660984e+03 
5.250100000e-01 2.959541587e+02 1.005285738e+03 
5.325600000e-01 2.870355035e+02 9.911686265e+02 
5.402200000e-01 2.783662329e+02 9.770139965e+02 
5.480000000e-01 2.699320762e+02 9.629461076e+02 
5.558800000e-01 2.617520129e+02 9.493560705e+02 
5.638800000e-01 2.538013808e+02 9.358233201e+02 
5.719900000e-01 2.460801198e+02 9.223325861e+02 
5.802200000e-01 2.385794384e+02 9.089986481e+02 
5.885700000e-01 2.312925820e+02 8.958138930e+02 
5.970400000e-01 2.242164903e+02 8.828184292e+02 
6.056300000e-01 2.173458310e+02 8.699555174e+02 
6.143400000e-01 2.106800671e+02 8.572228357e+02 
6.231800000e-01 2.042013932e+02 8.445600106e+02 
6.321500000e-01 1.979111755e+02 8.320605214e+02 
6.412400000e-01 1.918092711e+02 8.198189855e+02 
6.504700000e-01 1.858789139e+02 8.075443033e+02 
6.598300000e-01 1.801269911e+02 7.953211671e+02 
6.693200000e-01 1.745448285e+02 7.834618566e+02 
6.789500000e-01 1.691271698e+02 7.716742084e+02 
6.887200000e-01 1.638662951e+02 7.599509452e+02 
6.986300000e-01 1.587613579e+02 7.483936269e+02 
7.086800000e-01 1.538087714e+02 7.369325428e+02 
7.188800000e-01 1.490010221e+02 7.255598432e+02 
7.292200000e-01 1.443421920e+02 7.142877324e+02 
7.397200000e-01 1.398146917e+02 7.030810831e+02 
7.503600000e-01 1.354273049e+02 6.922402726e+02 
7.611600000e-01 1.311696356e+02 6.815452762e+02 
7.721100000e-01 1.270399813e+02 6.710989017e+02 
7.832200000e-01 1.230347398e+02 6.605071289e+02 
7.944900000e-01 1.191486072e+02 6.498510976e+02 
8.059200000e-01 1.153807819e+02 6.395147015e+02 
8.175100000e-01 1.117293613e+02 6.294357194e+02 
8.292800000e-01 1.081831459e+02 6.197228044e+02 
8.412100000e-01 1.047490332e+02 6.095320190e+02 
8.533100000e-01 1.014186247e+02 5.993257052e+02 
8.655900000e-01 9.818761778e+01 5.899542471e+02 
8.780400000e-01 9.505662278e+01 5.803020129e+02 
8.906800000e-01 9.201974914e+01 5.703566821e+02 
9.034900000e-01 8.907832643e+01 5.609471003e+02 
9.164900000e-01 8.622373451e+01 5.516465871e+02 
9.296800000e-01 8.345902313e+01 5.424776143e+02 
9.430500000e-01 8.078103214e+01 5.334062850e+02 
9.566200000e-01 7.818215146e+01 5.243782623e+02 
9.703900000e-01 7.566438098e+01 5.155810641e+02 
9.843500000e-01 7.322490066e+01 5.068193881e+02 
9.985100000e-01 7.086182043e+01 4.981176308e+02 
1.012900000e+00 6.856810028e+01 4.896098936e+02 
1.027500000e+00 6.634452018e+01 4.811766765e+02 
1.042200000e+00 6.420678011e+01 4.728953871e+02 
1.057200000e+00 6.212288007e+01 4.646742571e+02 
1.072400000e+00 6.010511004e+01 4.565816687e+02 
