9.920100000e-04 3.815126098e+03 3.815123435e+03 
1.006300000e-03 3.865999960e+03 3.865920179e+03 
1.020800000e-03 3.917499960e+03 3.917416787e+03 
1.035500000e-03 3.969699960e+03 3.969613228e+03 
1.050400000e-03 4.022499959e+03 4.022409561e+03 
1.065500000e-03 4.075899958e+03 4.075805701e+03 
1.080800000e-03 4.130099954e+03 4.130001699e+03 
1.096300000e-03 4.184799951e+03 4.184697558e+03 
1.112100000e-03 4.240299952e+03 4.240193171e+03 
1.128100000e-03 4.296499951e+03 4.296388656e+03 
1.144400000e-03 4.353299957e+03 4.353183909e+03 
1.160800000e-03 4.410899950e+03 4.410778992e+03 
1.177500000e-03 4.469099951e+03 4.468973903e+03 
1.194500000e-03 4.528099956e+03 4.527968493e+03 
1.211600000e-03 4.587799947e+03 4.587662963e+03 
1.229100000e-03 4.648199954e+03 4.648057149e+03 
1.246800000e-03 4.709299958e+03 4.709151070e+03 
1.264700000e-03 4.771199955e+03 4.771044821e+03 
1.282900000e-03 4.833899953e+03 4.833738221e+03 
1.301400000e-03 4.897199962e+03 4.897031366e+03 
1.320100000e-03 4.961399959e+03 4.961224281e+03 
1.339100000e-03 5.026299962e+03 5.026116806e+03 
1.358300000e-03 5.091999956e+03 5.091809130e+03 
1.377900000e-03 5.158499963e+03 5.158301034e+03 
1.397700000e-03 5.225799963e+03 5.225592634e+03 
1.417800000e-03 5.293799966e+03 5.293583959e+03 
1.438200000e-03 5.362699967e+03 5.362474778e+03 
1.458900000e-03 5.432399970e+03 5.432165310e+03 
1.479900000e-03 5.502799980e+03 5.502555433e+03 
1.501200000e-03 5.574199981e+03 5.573945098e+03 
1.522800000e-03 5.646299988e+03 5.646034448e+03 
1.544700000e-03 5.719299991e+03 5.719023215e+03 
1.566900000e-03 5.793099995e+03 5.792811603e+03 
1.589500000e-03 5.867800009e+03 5.867499512e+03 
1.612400000e-03 5.943300022e+03 5.942986813e+03 
1.635600000e-03 6.019700032e+03 6.019373739e+03 
1.659100000e-03 6.096900035e+03 6.096560036e+03 
1.683000000e-03 6.175000052e+03 6.174645748e+03 
1.707200000e-03 6.254100053e+03 6.253731019e+03 
1.731700000e-03 6.334000055e+03 6.333615500e+03 
1.756700000e-03 6.414700089e+03 6.414299406e+03 
1.781900000e-03 6.496400087e+03 6.495982703e+03 
1.807600000e-03 6.579000114e+03 6.578565169e+03 
1.833600000e-03 6.662500130e+03 6.662047155e+03 
1.860000000e-03 6.746900152e+03 6.746428113e+03 
1.886700000e-03 6.832300149e+03 6.831808498e+03 
1.913900000e-03 6.918600180e+03 6.918088037e+03 
1.941400000e-03 7.005800191e+03 7.005266627e+03 
1.969300000e-03 7.093900208e+03 7.093344567e+03 
1.997700000e-03 7.183000249e+03 7.182421336e+03 
2.026400000e-03 7.273000269e+03 7.272397307e+03 
2.055600000e-03 7.364000298e+03 7.363372392e+03 
2.085100000e-03 7.455900317e+03 7.455246222e+03 
2.115100000e-03 7.548800347e+03 7.548119197e+03 
2.145600000e-03 7.642700393e+03 7.641990917e+03 
2.176500000e-03 7.737600436e+03 7.736861452e+03 
2.207800000e-03 7.833400465e+03 7.832631142e+03 
2.239500000e-03 7.930200487e+03 7.929399190e+03 
2.271800000e-03 8.027900564e+03 8.027066073e+03 
2.304400000e-03 8.126700574e+03 8.125831815e+03 
2.337600000e-03 8.226400630e+03 8.225495801e+03 
2.371200000e-03 8.327200667e+03 8.326258799e+03 
2.405400000e-03 8.428900755e+03 8.427919810e+03 
2.440000000e-03 8.531700804e+03 8.530679494e+03 
2.475100000e-03 8.635400862e+03 8.634337780e+03 
2.510700000e-03 8.740100922e+03 8.738993908e+03 
2.546800000e-03 8.845800974e+03 8.844648735e+03 
2.583400000e-03 8.952601031e+03 8.951401540e+03 
2.620600000e-03 9.060301117e+03 9.059052323e+03 
2.658300000e-03 9.169101179e+03 9.167801705e+03 
2.696600000e-03 9.278801297e+03 9.277448187e+03 
2.735400000e-03 9.389601364e+03 9.388193117e+03 
2.774700000e-03 9.501401428e+03 9.499935904e+03 
2.814700000e-03 9.614201551e+03 9.612675923e+03 
2.855200000e-03 9.728001650e+03 9.726414289e+03 
2.896200000e-03 9.842801707e+03 9.841149620e+03 
2.937900000e-03 9.958601821e+03 9.956882589e+03 
2.980200000e-03 1.007500202e+04 1.007321326e+04 
3.023100000e-03 1.019300212e+04 1.019114041e+04 
3.066600000e-03 1.031200220e+04 1.031006543e+04 
3.110700000e-03 1.043200227e+04 1.042998706e+04 
3.155400000e-03 1.055300231e+04 1.055090580e+04 
3.200800000e-03 1.067400262e+04 1.067182206e+04 
3.246900000e-03 1.079700275e+04 1.079473357e+04 
3.293600000e-03 1.092100282e+04 1.091864261e+04 
3.341000000e-03 1.104600290e+04 1.104354796e+04 
3.389100000e-03 1.117100324e+04 1.116844920e+04 
3.437800000e-03 1.129800330e+04 1.129534779e+04 
3.487300000e-03 1.142600336e+04 1.142324103e+04 
3.537500000e-03 1.155400369e+04 1.155113077e+04 
3.588400000e-03 1.168400375e+04 1.168101665e+04 
3.640000000e-03 1.181400402e+04 1.181089736e+04 
3.692400000e-03 1.194500435e+04 1.194177446e+04 
3.745500000e-03 1.207800432e+04 1.207464590e+04 
3.799400000e-03 1.221100457e+04 1.220751263e+04 
3.854100000e-03 1.234500485e+04 1.234137533e+04 
3.909500000e-03 1.248000500e+04 1.247623115e+04 
3.965800000e-03 1.261600516e+04 1.261208253e+04 
4.022800000e-03 1.275300530e+04 1.274892817e+04 
4.080700000e-03 1.289000570e+04 1.288576732e+04 
4.139400000e-03 1.302900569e+04 1.302460203e+04 
4.199000000e-03 1.316800608e+04 1.316342840e+04 
4.259400000e-03 1.330800634e+04 1.330324953e+04 
4.320700000e-03 1.344900650e+04 1.344406417e+04 
4.382800000e-03 1.359100656e+04 1.358587080e+04 
4.445900000e-03 1.373300695e+04 1.372767169e+04 
4.509900000e-03 1.387600730e+04 1.387046374e+04 
4.574800000e-03 1.402000754e+04 1.401424849e+04 
4.640600000e-03 1.416500753e+04 1.415902664e+04 
4.707300000e-03 1.431000782e+04 1.430379443e+04 
4.775100000e-03 1.445600812e+04 1.444955529e+04 
4.843800000e-03 1.460200866e+04 1.459530695e+04 
4.913500000e-03 1.475000849e+04 1.474304877e+04 
4.984200000e-03 1.489800867e+04 1.489078338e+04 
5.055900000e-03 1.504600911e+04 1.503850535e+04 
5.128600000e-03 1.519500930e+04 1.518721946e+04 
5.202400000e-03 1.534400977e+04 1.533592334e+04 
5.277300000e-03 1.549400999e+04 1.548561440e+04 
5.353200000e-03 1.564500992e+04 1.563629730e+04 
5.430200000e-03 1.579601009e+04 1.578696640e+04 
5.508400000e-03 1.594701062e+04 1.593762427e+04 
5.587600000e-03 1.609901053e+04 1.608927213e+04 
5.668000000e-03 1.625101079e+04 1.624090405e+04 
5.749600000e-03 1.640301133e+04 1.639252583e+04 
5.832300000e-03 1.655601128e+04 1.654513307e+04 
5.916200000e-03 1.670901134e+04 1.669772630e+04 
6.001300000e-03 1.686201175e+04 1.685030882e+04 
6.087700000e-03 1.701601143e+04 1.700387088e+04 
6.175300000e-03 1.716901194e+04 1.715642137e+04 
6.264100000e-03 1.732301179e+04 1.730995658e+04 
6.354300000e-03 1.747701193e+04 1.746347351e+04 
6.445700000e-03 1.763001247e+04 1.761597834e+04 
6.538400000e-03 1.778401224e+04 1.776946169e+04 
6.632500000e-03 1.793801221e+04 1.792292944e+04 
6.727900000e-03 1.809101264e+04 1.807538173e+04 
6.824700000e-03 1.824501240e+04 1.822881071e+04 
6.922900000e-03 1.839801269e+04 1.838122488e+04 
7.022500000e-03 1.855101299e+04 1.853361717e+04 
7.123600000e-03 1.870401280e+04 1.868598917e+04 
7.226100000e-03 1.885601324e+04 1.883734519e+04 
7.330000000e-03 1.900801315e+04 1.898867295e+04 
7.435500000e-03 1.916001291e+04 1.913998372e+04 
7.542500000e-03 1.930901523e+04 1.928827308e+04 
7.651000000e-03 1.946001474e+04 1.943853582e+04 
7.761100000e-03 1.961001506e+04 1.958777928e+04 
7.872800000e-03 1.975901563e+04 1.973599292e+04 
7.986000000e-03 1.990801516e+04 1.988418553e+04 
8.101000000e-03 2.005601532e+04 2.003135310e+04 
8.217500000e-03 2.020301538e+04 2.017749089e+04 
8.335700000e-03 2.034901554e+04 2.032260756e+04 
8.455700000e-03 2.049401630e+04 2.046669225e+04 
8.577300000e-03 2.063801645e+04 2.060975005e+04 
8.700800000e-03 2.078201528e+04 2.075278233e+04 
8.825900000e-03 2.092401537e+04 2.089377948e+04 
8.952900000e-03 2.106401657e+04 2.103275182e+04 
9.081800000e-03 2.120401621e+04 2.117169091e+04 
9.212400000e-03 2.134201642e+04 2.130859801e+04 
9.345000000e-03 2.147901626e+04 2.144447857e+04 
9.479400000e-03 2.161401656e+04 2.157831814e+04 
9.615800000e-03 2.174801624e+04 2.171112932e+04 
9.754200000e-03 2.187901806e+04 2.184090857e+04 
9.894500000e-03 2.201001642e+04 2.197064739e+04 
1.003700000e-02 2.213801741e+04 2.209735570e+04 
1.018100000e-02 2.226501596e+04 2.222302731e+04 
1.032800000e-02 2.238901804e+04 2.234565550e+04 
1.047600000e-02 2.251201597e+04 2.246726148e+04 
1.062700000e-02 2.263201723e+04 2.258581452e+04 
1.078000000e-02 2.275001727e+04 2.270233734e+04 
1.093500000e-02 2.286601587e+04 2.281681926e+04 
1.109200000e-02 2.297901582e+04 2.292826324e+04 
1.125200000e-02 2.309001586e+04 2.303766698e+04 
1.141400000e-02 2.319901332e+04 2.314502180e+04 
1.157800000e-02 2.330401333e+04 2.324834551e+04 
1.174500000e-02 2.340701220e+04 2.334962265e+04 
1.191400000e-02 2.350701021e+04 2.344785573e+04 
1.208500000e-02 2.360400746e+04 2.354305729e+04 
1.225900000e-02 2.369800464e+04 2.363520439e+04 
1.243500000e-02 2.378899967e+04 2.372431962e+04 
1.261400000e-02 2.387400338e+04 2.380739291e+04 
1.279600000e-02 2.395899707e+04 2.389040657e+04 
1.298000000e-02 2.403899255e+04 2.396838827e+04 
1.316700000e-02 2.411698392e+04 2.404431805e+04 
1.335600000e-02 2.418997697e+04 2.411521222e+04 
1.354800000e-02 2.425996678e+04 2.418306511e+04 
1.374300000e-02 2.432595499e+04 2.424686389e+04 
1.394100000e-02 2.438794196e+04 2.430662164e+04 
1.414200000e-02 2.444592688e+04 2.436233359e+04 
1.434500000e-02 2.449990832e+04 2.441401008e+04 
1.455200000e-02 2.454988628e+04 2.446163483e+04 
1.476100000e-02 2.459486335e+04 2.450422456e+04 
1.497300000e-02 2.463583580e+04 2.454277357e+04 
1.518900000e-02 2.467280295e+04 2.457727000e+04 
1.540700000e-02 2.470476720e+04 2.460673859e+04 
1.562900000e-02 2.473172828e+04 2.463115946e+04 
1.585400000e-02 2.475368518e+04 2.465054375e+04 
1.608200000e-02 2.477163383e+04 2.466589364e+04 
1.631300000e-02 2.478357980e+04 2.467520897e+04 
1.654800000e-02 2.479151651e+04 2.468048231e+04 
1.678600000e-02 2.479345033e+04 2.467972578e+04 
1.702800000e-02 2.479037534e+04 2.467393192e+04 
1.727300000e-02 2.478229147e+04 2.466311108e+04 
1.752100000e-02 2.477019218e+04 2.464826104e+04 
1.777300000e-02 2.475109329e+04 2.462638892e+04 
1.802900000e-02 2.472698288e+04 2.459948770e+04 
1.828800000e-02 2.469587199e+04 2.456557149e+04 
1.855200000e-02 2.466074038e+04 2.452762628e+04 
1.881800000e-02 2.461861098e+04 2.448267389e+04 
1.908900000e-02 2.457146548e+04 2.443270368e+04 
1.936400000e-02 2.451831096e+04 2.437672254e+04 
1.964300000e-02 2.445914734e+04 2.431472193e+04 
1.992500000e-02 2.439397869e+04 2.424675048e+04 
2.021200000e-02 2.432279862e+04 2.417275289e+04 
2.050300000e-02 2.424561242e+04 2.409276303e+04 
2.079800000e-02 2.416340855e+04 2.400778964e+04 
2.109700000e-02 2.407420778e+04 2.391580794e+04 
2.140000000e-02 2.397900218e+04 2.381788051e+04 
2.170800000e-02 2.387779029e+04 2.371394375e+04 
2.202100000e-02 2.377156128e+04 2.360500981e+04 
2.233800000e-02 2.365834398e+04 2.348914963e+04 
2.265900000e-02 2.353912868e+04 2.336730113e+04 
2.298500000e-02 2.341391527e+04 2.323950691e+04 
2.331600000e-02 2.328369299e+04 2.310675192e+04 
2.365100000e-02 2.314649325e+04 2.296703022e+04 
2.399100000e-02 2.300528395e+04 2.282340014e+04 
2.433700000e-02 2.285709117e+04 2.267278621e+04 
2.468700000e-02 2.270391499e+04 2.251726489e+04 
2.504200000e-02 2.254476088e+04 2.235582610e+04 
2.540200000e-02 2.238062451e+04 2.218941917e+04 
2.576800000e-02 2.221150184e+04 2.201814686e+04 
2.613900000e-02 2.203740623e+04 2.184192995e+04 
2.651500000e-02 2.185834656e+04 2.166080737e+04 
2.689600000e-02 2.167432263e+04 2.147481956e+04 
2.728300000e-02 2.148534051e+04 2.128388122e+04 
2.767600000e-02 2.129238927e+04 2.108910762e+04 
2.807400000e-02 2.109548415e+04 2.089043042e+04 
2.847800000e-02 2.089363830e+04 2.068683615e+04 
2.888800000e-02 2.068883127e+04 2.048043490e+04 
2.930300000e-02 2.048009156e+04 2.027010765e+04 
2.972500000e-02 2.026839576e+04 2.005693906e+04 
3.015200000e-02 2.005278197e+04 1.983993331e+04 
3.058600000e-02 1.983521017e+04 1.962101380e+04 
3.102600000e-02 1.961471290e+04 1.939930035e+04 
3.147300000e-02 1.939128844e+04 1.917467463e+04 
3.192600000e-02 1.916691933e+04 1.894920059e+04 
3.238500000e-02 1.893964185e+04 1.872093533e+04 
3.285100000e-02 1.871142388e+04 1.849176561e+04 
3.332400000e-02 1.848226854e+04 1.826179496e+04 
3.380300000e-02 1.825219454e+04 1.803093641e+04 
3.429000000e-02 1.802216248e+04 1.780019363e+04 
3.478300000e-02 1.779122194e+04 1.756867129e+04 
3.528300000e-02 1.756131891e+04 1.733824421e+04 
3.579100000e-02 1.733050332e+04 1.710700358e+04 
3.630600000e-02 1.710171241e+04 1.687787950e+04 
3.682800000e-02 1.687299803e+04 1.664883611e+04 
3.735800000e-02 1.664630763e+04 1.642199088e+04 
3.789600000e-02 1.642066058e+04 1.619621817e+04 
3.844100000e-02 1.619802165e+04 1.597355459e+04 
3.899400000e-02 1.597643165e+04 1.575203446e+04 
3.955500000e-02 1.575784367e+04 1.553358675e+04 
4.012400000e-02 1.554224896e+04 1.531819609e+04 
4.070200000e-02 1.532963587e+04 1.510588267e+04 
4.128700000e-02 1.512098563e+04 1.489764812e+04 
4.188100000e-02 1.491531069e+04 1.469253619e+04 
4.248400000e-02 1.471357627e+04 1.449141722e+04 
4.309500000e-02 1.451578730e+04 1.429412290e+04 
4.371500000e-02 1.432288094e+04 1.410189185e+04 
4.434400000e-02 1.413389505e+04 1.391371417e+04 
4.498200000e-02 1.394881353e+04 1.372943666e+04 
4.562900000e-02 1.376954984e+04 1.355114674e+04 
4.628600000e-02 1.359417413e+04 1.337682332e+04 
4.695200000e-02 1.342362844e+04 1.320738988e+04 
4.762800000e-02 1.325789276e+04 1.304290377e+04 
4.831300000e-02 1.309696575e+04 1.288322203e+04 
4.900800000e-02 1.294082391e+04 1.272848060e+04 
4.971300000e-02 1.278849871e+04 1.257765856e+04 
5.042800000e-02 1.264187391e+04 1.243263144e+04 
5.115400000e-02 1.249902587e+04 1.229151488e+04 
5.189000000e-02 1.236089120e+04 1.215518608e+04 
5.263700000e-02 1.222744604e+04 1.202362932e+04 
5.339400000e-02 1.209772927e+04 1.189588620e+04 
5.416200000e-02 1.197078067e+04 1.177102822e+04 
5.494100000e-02 1.184752130e+04 1.165006758e+04 
5.573200000e-02 1.172792060e+04 1.153289410e+04 
5.653400000e-02 1.161009831e+04 1.141761634e+04 
5.734700000e-02 1.149497871e+04 1.130527156e+04 
5.817200000e-02 1.138159465e+04 1.119480012e+04 
5.900900000e-02 1.126995089e+04 1.108627370e+04 
5.985800000e-02 1.115908851e+04 1.097867733e+04 
6.072000000e-02 1.104806665e+04 1.087115140e+04 
6.159300000e-02 1.093784579e+04 1.076465119e+04 
6.248000000e-02 1.082651146e+04 1.065724725e+04 
6.337900000e-02 1.071411518e+04 1.054903801e+04 
6.429000000e-02 1.060064993e+04 1.044000367e+04 
6.521500000e-02 1.048519134e+04 1.032940789e+04 
6.615400000e-02 1.036682532e+04 1.021605351e+04 
6.710600000e-02 1.024560046e+04 1.010021682e+04 
6.807100000e-02 1.012062414e+04 9.981033309e+03 
6.905100000e-02 9.991895107e+03 9.858251303e+03 
7.004400000e-02 9.859842943e+03 9.732886080e+03 
7.105200000e-02 9.722942484e+03 9.602771788e+03 
7.207400000e-02 9.581432838e+03 9.468408864e+03 
7.311100000e-02 9.435350539e+03 9.330215616e+03 
7.416300000e-02 9.284385911e+03 9.187209910e+03 
7.523000000e-02 9.128783963e+03 9.040347604e+03 
7.631300000e-02 8.968602646e+03 8.889144877e+03 
7.741100000e-02 8.803899638e+03 8.733615925e+03 
7.852400000e-02 8.635189388e+03 8.574955077e+03 
7.965400000e-02 8.462693977e+03 8.412702082e+03 
8.080000000e-02 8.287014395e+03 8.248434523e+03 
8.196300000e-02 8.108646002e+03 8.080947918e+03 
8.314200000e-02 7.928186271e+03 7.910832898e+03 
8.433900000e-02 7.746452924e+03 7.740999962e+03 
8.555200000e-02 7.564044813e+03 7.570393150e+03 
8.678300000e-02 7.382013386e+03 7.400452823e+03 
8.803200000e-02 7.201002759e+03 7.231732326e+03 
8.929800000e-02 7.021894426e+03 7.064992875e+03 
9.058300000e-02 6.845378382e+03 6.901049769e+03 
9.188600000e-02 6.672500447e+03 6.740663399e+03 
9.320900000e-02 6.503809919e+03 6.584516466e+03 
9.455000000e-02 6.340154354e+03 6.433066296e+03 
9.591000000e-02 6.182165804e+03 6.287407054e+03 
9.729000000e-02 6.030377521e+03 6.147452173e+03 
9.869000000e-02 5.885304767e+03 6.014238309e+03 
1.001100000e-01 5.747301207e+03 5.888497127e+03 
1.015500000e-01 5.616542125e+03 5.768054891e+03 
1.030100000e-01 5.493175476e+03 5.655313430e+03 
1.044900000e-01 5.377362467e+03 5.549848796e+03 
1.060000000e-01 5.268700188e+03 5.450972841e+03 
1.075200000e-01 5.167286549e+03 5.359425588e+03 
1.090700000e-01 5.072344355e+03 5.273231613e+03 
1.106400000e-01 4.983662748e+03 5.193450555e+03 
1.122300000e-01 4.900611659e+03 5.119057553e+03 
1.138500000e-01 4.822245844e+03 5.048705406e+03 
1.154800000e-01 4.748221066e+03 4.982855832e+03 
1.171400000e-01 4.677281752e+03 4.919702492e+03 
1.188300000e-01 4.608597563e+03 4.859002131e+03 
1.205400000e-01 4.541309501e+03 4.799608465e+03 
1.222700000e-01 4.474484967e+03 4.741057726e+03 
1.240300000e-01 4.406960818e+03 4.682014369e+03 
1.258200000e-01 4.337966466e+03 4.621773992e+03 
1.276300000e-01 4.267037246e+03 4.560355743e+03 
1.294700000e-01 4.193331433e+03 4.496119319e+03 
1.313300000e-01 4.116641519e+03 4.430538552e+03 
1.332200000e-01 4.036459237e+03 4.361684790e+03 
1.351300000e-01 3.952788293e+03 4.289837964e+03 
1.370800000e-01 3.865492615e+03 4.216007526e+03 
1.390500000e-01 3.775062344e+03 4.138647743e+03 
1.410500000e-01 3.681997930e+03 4.059985961e+03 
1.430800000e-01 3.586854871e+03 3.979576837e+03 
1.451400000e-01 3.490416487e+03 3.898252569e+03 
1.472300000e-01 3.393797066e+03 3.817296744e+03 
1.493500000e-01 3.297699883e+03 3.736616026e+03 
1.515000000e-01 3.203096625e+03 3.657551741e+03 
1.536700000e-01 3.111008371e+03 3.580127324e+03 
1.558900000e-01 3.021865429e+03 3.506147578e+03 
1.581300000e-01 2.936729072e+03 3.434242145e+03 
1.604000000e-01 2.855992402e+03 3.366598555e+03 
1.627100000e-01 2.779849481e+03 3.302933497e+03 
1.650500000e-01 2.708707691e+03 3.242467893e+03 
1.674300000e-01 2.642287976e+03 3.186986725e+03 
1.698400000e-01 2.580504840e+03 3.133909959e+03 
1.722800000e-01 2.522961015e+03 3.084664171e+03 
1.747600000e-01 2.469004643e+03 3.038525273e+03 
1.772700000e-01 2.418205900e+03 2.994004813e+03 
1.798200000e-01 2.369684532e+03 2.952032561e+03 
1.824100000e-01 2.322670642e+03 2.911009885e+03 
1.850400000e-01 2.276371215e+03 2.870951360e+03 
1.877000000e-01 2.230320999e+03 2.830892525e+03 
1.904000000e-01 2.183726848e+03 2.791369032e+03 
1.931400000e-01 2.136259623e+03 2.751061208e+03 
1.959200000e-01 2.087549561e+03 2.710113740e+03 
1.987400000e-01 2.037591342e+03 2.669126565e+03 
2.016000000e-01 1.986443979e+03 2.626673261e+03 
2.045000000e-01 1.934416862e+03 2.584886886e+03 
2.074400000e-01 1.881908781e+03 2.542429638e+03 
2.104200000e-01 1.829406288e+03 2.500242211e+03 
2.134500000e-01 1.777445095e+03 2.458744081e+03 
2.165200000e-01 1.726648032e+03 2.418115526e+03 
2.196400000e-01 1.677341212e+03 2.378125566e+03 
2.228000000e-01 1.630022318e+03 2.339406058e+03 
2.260000000e-01 1.584979573e+03 2.303079491e+03 
2.292600000e-01 1.542174099e+03 2.266687611e+03 
2.325500000e-01 1.501725485e+03 2.232769596e+03 
2.359000000e-01 1.463297987e+03 2.200289731e+03 
2.392900000e-01 1.426783613e+03 2.167773278e+03 
2.427400000e-01 1.391649349e+03 2.136149630e+03 
2.462300000e-01 1.357749065e+03 2.105658186e+03 
2.497700000e-01 1.324607153e+03 2.076008621e+03 
2.533700000e-01 1.291846454e+03 2.046442892e+03 
2.570100000e-01 1.259375513e+03 2.017692091e+03 
2.607100000e-01 1.226941079e+03 1.988853199e+03 
2.644600000e-01 1.194573474e+03 1.960811333e+03 
2.682700000e-01 1.162235782e+03 1.932712850e+03 
2.721300000e-01 1.130201272e+03 1.904868698e+03 
2.760400000e-01 1.098616488e+03 1.877619593e+03 
2.800100000e-01 1.067656737e+03 1.850812257e+03 
2.840400000e-01 1.037473285e+03 1.824677168e+03 
2.881300000e-01 1.008262315e+03 1.798788798e+03 
2.922800000e-01 9.800764455e+02 1.773804570e+03 
2.964800000e-01 9.529896158e+02 1.748616143e+03 
3.007500000e-01 9.268485902e+02 1.724278962e+03 
3.050700000e-01 9.016704497e+02 1.700378412e+03 
3.094600000e-01 8.772286206e+02 1.676792603e+03 
3.139200000e-01 8.534068657e+02 1.653695955e+03 
3.184300000e-01 8.301906694e+02 1.630872548e+03 
3.230100000e-01 8.074021095e+02 1.609881634e+03 
3.276600000e-01 7.850106735e+02 1.590426579e+03 
3.323800000e-01 7.630114693e+02 1.566682773e+03 
3.371600000e-01 7.414707141e+02 1.543447445e+03 
3.420100000e-01 7.203998850e+02 1.522652255e+03 
3.469300000e-01 6.998451377e+02 1.501919110e+03 
3.519200000e-01 6.798507432e+02 1.481571342e+03 
3.569900000e-01 6.604071234e+02 1.461341065e+03 
3.621200000e-01 6.415779749e+02 1.441495866e+03 
3.673300000e-01 6.232901784e+02 1.421746464e+03 
3.726200000e-01 6.055093163e+02 1.402342856e+03 
3.779800000e-01 5.882335029e+02 1.383371574e+03 
3.834200000e-01 5.714038360e+02 1.364677858e+03 
3.889300000e-01 5.550212083e+02 1.346113624e+03 
3.945300000e-01 5.390128108e+02 1.327577399e+03 
4.002100000e-01 5.234071165e+02 1.309555880e+03 
4.059700000e-01 5.082046131e+02 1.291843340e+03 
4.118100000e-01 4.934060994e+02 1.274381419e+03 
4.177300000e-01 4.790195903e+02 1.257057442e+03 
4.237400000e-01 4.650165200e+02 1.239951771e+03 
4.298400000e-01 4.513999138e+02 1.222852240e+03 
4.360200000e-01 4.381802642e+02 1.206085980e+03 
4.423000000e-01 4.253002878e+02 1.189535979e+03 
4.486600000e-01 4.127939668e+02 1.173290547e+03 
4.551200000e-01 4.006147570e+02 1.157268210e+03 
4.616600000e-01 3.887862169e+02 1.141294464e+03 
4.683100000e-01 3.772548970e+02 1.125444976e+03 
4.750500000e-01 3.660499952e+02 1.109754375e+03 
4.818800000e-01 3.551686415e+02 1.094350523e+03 
4.888100000e-01 3.445833866e+02 1.079166490e+03 
4.958500000e-01 3.342835503e+02 1.064135178e+03 
5.029800000e-01 3.242896715e+02 1.049247492e+03 
5.102200000e-01 3.145619762e+02 1.034480144e+03 
5.175600000e-01 3.051174756e+02 1.019883930e+03 
5.250100000e-01 2.959313793e+02 1.005501867e+03 
5.325600000e-01 2.870141783e+02 9.913890145e+02 
5.402200000e-01 2.783476677e+02 9.772253904e+02 
5.480000000e-01 2.699166614e+02 9.631427461e+02 
5.558800000e-01 2.617393979e+02 9.495393538e+02 
5.638800000e-01 2.537908241e+02 9.359962192e+02 
5.719900000e-01 2.460708218e+02 9.224990684e+02 
5.802200000e-01 2.385710056e+02 9.091598481e+02 
5.885700000e-01 2.312848343e+02 8.959698467e+02 
5.970400000e-01 2.242095623e+02 8.829709938e+02 
6.056300000e-01 2.173398886e+02 8.701004973e+02 
6.143400000e-01 2.106751317e+02 8.573563867e+02 
6.231800000e-01 2.041973084e+02 8.446944199e+02 
6.321500000e-01 1.979078117e+02 8.321947289e+02 
6.412400000e-01 1.918064425e+02 8.199488800e+02 
6.504700000e-01 1.858764917e+02 8.076725373e+02 
6.598300000e-01 1.801249490e+02 7.954490850e+02 
6.693200000e-01 1.745431150e+02 7.835856429e+02 
6.789500000e-01 1.691257853e+02 7.717963084e+02 
6.887200000e-01 1.638651639e+02 7.600742097e+02 
6.986300000e-01 1.587604470e+02 7.485069886e+02 
7.086800000e-01 1.538080347e+02 7.370998671e+02 
7.188800000e-01 1.490004256e+02 7.261241037e+02 
7.292200000e-01 1.443417184e+02 7.148747291e+02 
7.397200000e-01 1.398143134e+02 7.033605968e+02 
7.503600000e-01 1.354270094e+02 6.924946526e+02 
7.611600000e-01 1.311694066e+02 6.817679641e+02 
7.721100000e-01 1.270398046e+02 6.711986639e+02 
7.832200000e-01 1.230346032e+02 6.605475673e+02 
7.944900000e-01 1.191485022e+02 6.498718742e+02 
8.059200000e-01 1.153807015e+02 6.397402877e+02 
8.175100000e-01 1.117293010e+02 6.297667274e+02 
8.292800000e-01 1.081831007e+02 6.200025584e+02 
8.412100000e-01 1.047490004e+02 6.097959627e+02 
8.533100000e-01 1.014186003e+02 5.995731992e+02 
8.655900000e-01 9.818760017e+01 5.901124188e+02 
8.780400000e-01 9.505661011e+01 5.804060321e+02 
8.906800000e-01 9.201974007e+01 5.704411372e+02 
9.034900000e-01 8.907832004e+01 5.610250298e+02 
9.164900000e-01 8.622373003e+01 5.517341543e+02 
9.296800000e-01 8.345902002e+01 5.426181919e+02 
9.430500000e-01 8.078103001e+01 5.335248373e+02 
9.566200000e-01 7.818215001e+01 5.244283556e+02 
9.703900000e-01 7.566438000e+01 5.156405571e+02 
9.843500000e-01 7.322490000e+01 5.068851480e+02 
9.985100000e-01 7.086182000e+01 4.981833496e+02 
1.012900000e+00 6.856810000e+01 4.897006783e+02 
1.027500000e+00 6.634452000e+01 4.812968499e+02 
1.042200000e+00 6.420678000e+01 4.730056740e+02 
1.057200000e+00 6.212288000e+01 4.647633240e+02 
1.072400000e+00 6.010511000e+01 4.566370409e+02 
