9.920100000e-04 3.815118249e+03 3.815123432e+03 
1.006300000e-03 3.865999956e+03 3.865920177e+03 
1.020800000e-03 3.917499956e+03 3.917416785e+03 
1.035500000e-03 3.969699956e+03 3.969613225e+03 
1.050400000e-03 4.022499955e+03 4.022409558e+03 
1.065500000e-03 4.075899954e+03 4.075805698e+03 
1.080800000e-03 4.130099949e+03 4.130001696e+03 
1.096300000e-03 4.184799946e+03 4.184697554e+03 
1.112100000e-03 4.240299947e+03 4.240193167e+03 
1.128100000e-03 4.296499945e+03 4.296388653e+03 
1.144400000e-03 4.353299952e+03 4.353183905e+03 
1.160800000e-03 4.410899945e+03 4.410778988e+03 
1.177500000e-03 4.469099946e+03 4.468973899e+03 
1.194500000e-03 4.528099951e+03 4.527968489e+03 
1.211600000e-03 4.587799941e+03 4.587662958e+03 
1.229100000e-03 4.648199950e+03 4.648057145e+03 
1.246800000e-03 4.709299953e+03 4.709151065e+03 
1.264700000e-03 4.771199950e+03 4.771044816e+03 
1.282900000e-03 4.833899949e+03 4.833738216e+03 
1.301400000e-03 4.897199958e+03 4.897031360e+03 
1.320100000e-03 4.961399955e+03 4.961224275e+03 
1.339100000e-03 5.026299958e+03 5.026116800e+03 
1.358300000e-03 5.091999951e+03 5.091809124e+03 
1.377900000e-03 5.158499959e+03 5.158301027e+03 
1.397700000e-03 5.225799959e+03 5.225592627e+03 
1.417800000e-03 5.293799963e+03 5.293583952e+03 
1.438200000e-03 5.362699964e+03 5.362474770e+03 
1.458900000e-03 5.432399967e+03 5.432165301e+03 
1.479900000e-03 5.502799978e+03 5.502555425e+03 
1.501200000e-03 5.574199979e+03 5.573945089e+03 
1.522800000e-03 5.646299987e+03 5.646034439e+03 
1.544700000e-03 5.719299990e+03 5.719023206e+03 
1.566900000e-03 5.793099994e+03 5.792811594e+03 
1.589500000e-03 5.867800010e+03 5.867499502e+03 
1.612400000e-03 5.943300025e+03 5.942986803e+03 
1.635600000e-03 6.019700035e+03 6.019373728e+03 
1.659100000e-03 6.096900038e+03 6.096560025e+03 
1.683000000e-03 6.175000058e+03 6.174645736e+03 
1.707200000e-03 6.254100059e+03 6.253731006e+03 
1.731700000e-03 6.334000060e+03 6.333615486e+03 
1.756700000e-03 6.414700098e+03 6.414299392e+03 
1.781900000e-03 6.496400096e+03 6.495982689e+03 
1.807600000e-03 6.579000126e+03 6.578565155e+03 
1.833600000e-03 6.662500143e+03 6.662047140e+03 
1.860000000e-03 6.746900168e+03 6.746428096e+03 
1.886700000e-03 6.832300164e+03 6.831808481e+03 
1.913900000e-03 6.918600199e+03 6.918088020e+03 
1.941400000e-03 7.005800212e+03 7.005266610e+03 
1.969300000e-03 7.093900230e+03 7.093344549e+03 
1.997700000e-03 7.183000276e+03 7.182421318e+03 
2.026400000e-03 7.273000297e+03 7.272397287e+03 
2.055600000e-03 7.364000329e+03 7.363372371e+03 
2.085100000e-03 7.455900350e+03 7.455246200e+03 
2.115100000e-03 7.548800384e+03 7.548119174e+03 
2.145600000e-03 7.642700435e+03 7.641990893e+03 
2.176500000e-03 7.737600482e+03 7.736861427e+03 
2.207800000e-03 7.833400514e+03 7.832631116e+03 
2.239500000e-03 7.930200539e+03 7.929399163e+03 
2.271800000e-03 8.027900624e+03 8.027066045e+03 
2.304400000e-03 8.126700635e+03 8.125831785e+03 
2.337600000e-03 8.226400696e+03 8.225495770e+03 
2.371200000e-03 8.327200737e+03 8.326258766e+03 
2.405400000e-03 8.428900835e+03 8.427919776e+03 
2.440000000e-03 8.531700890e+03 8.530679459e+03 
2.475100000e-03 8.635400954e+03 8.634337744e+03 
2.510700000e-03 8.740101020e+03 8.738993870e+03 
2.546800000e-03 8.845801077e+03 8.844648697e+03 
2.583400000e-03 8.952601141e+03 8.951401499e+03 
2.620600000e-03 9.060301236e+03 9.059052281e+03 
2.658300000e-03 9.169101304e+03 9.167801660e+03 
2.696600000e-03 9.278801435e+03 9.277448141e+03 
2.735400000e-03 9.389601509e+03 9.388193069e+03 
2.774700000e-03 9.501401580e+03 9.499935854e+03 
2.814700000e-03 9.614201716e+03 9.612675871e+03 
2.855200000e-03 9.728001825e+03 9.726414235e+03 
2.896200000e-03 9.842801888e+03 9.841149564e+03 
2.937900000e-03 9.958602015e+03 9.956882530e+03 
2.980200000e-03 1.007500224e+04 1.007321320e+04 
3.023100000e-03 1.019300235e+04 1.019114035e+04 
3.066600000e-03 1.031200244e+04 1.031006536e+04 
3.110700000e-03 1.043200251e+04 1.042998699e+04 
3.155400000e-03 1.055300256e+04 1.055090573e+04 
3.200800000e-03 1.067400290e+04 1.067182198e+04 
3.246900000e-03 1.079700304e+04 1.079473349e+04 
3.293600000e-03 1.092100312e+04 1.091864253e+04 
3.341000000e-03 1.104600321e+04 1.104354787e+04 
3.389100000e-03 1.117100358e+04 1.116844911e+04 
3.437800000e-03 1.129800365e+04 1.129534770e+04 
3.487300000e-03 1.142600372e+04 1.142324094e+04 
3.537500000e-03 1.155400408e+04 1.155113068e+04 
3.588400000e-03 1.168400415e+04 1.168101654e+04 
3.640000000e-03 1.181400445e+04 1.181089725e+04 
3.692400000e-03 1.194500481e+04 1.194177435e+04 
3.745500000e-03 1.207800478e+04 1.207464578e+04 
3.799400000e-03 1.221100505e+04 1.220751251e+04 
3.854100000e-03 1.234500536e+04 1.234137520e+04 
3.909500000e-03 1.248000553e+04 1.247623102e+04 
3.965800000e-03 1.261600571e+04 1.261208240e+04 
4.022800000e-03 1.275300587e+04 1.274892803e+04 
4.080700000e-03 1.289000631e+04 1.288576717e+04 
4.139400000e-03 1.302900630e+04 1.302460187e+04 
4.199000000e-03 1.316800673e+04 1.316342824e+04 
4.259400000e-03 1.330800702e+04 1.330324937e+04 
4.320700000e-03 1.344900719e+04 1.344406399e+04 
4.382800000e-03 1.359100726e+04 1.358587062e+04 
4.445900000e-03 1.373300769e+04 1.372767150e+04 
4.509900000e-03 1.387600808e+04 1.387046354e+04 
4.574800000e-03 1.402000834e+04 1.401424829e+04 
4.640600000e-03 1.416500833e+04 1.415902643e+04 
4.707300000e-03 1.431000865e+04 1.430379421e+04 
4.775100000e-03 1.445600898e+04 1.444955506e+04 
4.843800000e-03 1.460200958e+04 1.459530671e+04 
4.913500000e-03 1.475000939e+04 1.474304852e+04 
4.984200000e-03 1.489800959e+04 1.489078313e+04 
5.055900000e-03 1.504601008e+04 1.503850509e+04 
5.128600000e-03 1.519501028e+04 1.518721919e+04 
5.202400000e-03 1.534401081e+04 1.533592306e+04 
5.277300000e-03 1.549401105e+04 1.548561410e+04 
5.353200000e-03 1.564501097e+04 1.563629699e+04 
5.430200000e-03 1.579601116e+04 1.578696608e+04 
5.508400000e-03 1.594701174e+04 1.593762394e+04 
5.587600000e-03 1.609901165e+04 1.608927178e+04 
5.668000000e-03 1.625101194e+04 1.624090370e+04 
5.749600000e-03 1.640301253e+04 1.639252546e+04 
5.832300000e-03 1.655601248e+04 1.654513268e+04 
5.916200000e-03 1.670901254e+04 1.669772590e+04 
6.001300000e-03 1.686201300e+04 1.685030840e+04 
6.087700000e-03 1.701601264e+04 1.700387045e+04 
6.175300000e-03 1.716901321e+04 1.715642092e+04 
6.264100000e-03 1.732301304e+04 1.730995612e+04 
6.354300000e-03 1.747701320e+04 1.746347303e+04 
6.445700000e-03 1.763001379e+04 1.761597784e+04 
6.538400000e-03 1.778401354e+04 1.776946117e+04 
6.632500000e-03 1.793801351e+04 1.792292890e+04 
6.727900000e-03 1.809101398e+04 1.807538117e+04 
6.824700000e-03 1.824501371e+04 1.822881013e+04 
6.922900000e-03 1.839801404e+04 1.838122428e+04 
7.022500000e-03 1.855101437e+04 1.853361654e+04 
7.123600000e-03 1.870401416e+04 1.868598852e+04 
7.226100000e-03 1.885601465e+04 1.883734452e+04 
7.330000000e-03 1.900801455e+04 1.898867225e+04 
7.435500000e-03 1.916001428e+04 1.913998300e+04 
7.542500000e-03 1.930901685e+04 1.928827233e+04 
7.651000000e-03 1.946001630e+04 1.943853504e+04 
7.761100000e-03 1.961001666e+04 1.958777848e+04 
7.872800000e-03 1.975901729e+04 1.973599208e+04 
7.986000000e-03 1.990801676e+04 1.988418467e+04 
8.101000000e-03 2.005601695e+04 2.003135220e+04 
8.217500000e-03 2.020301701e+04 2.017748995e+04 
8.335700000e-03 2.034901719e+04 2.032260659e+04 
8.455700000e-03 2.049401803e+04 2.046669124e+04 
8.577300000e-03 2.063801820e+04 2.060974901e+04 
8.700800000e-03 2.078201690e+04 2.075278126e+04 
8.825900000e-03 2.092401700e+04 2.089377837e+04 
8.952900000e-03 2.106401833e+04 2.103275068e+04 
9.081800000e-03 2.120401793e+04 2.117168973e+04 
9.212400000e-03 2.134201817e+04 2.130859678e+04 
9.345000000e-03 2.147901799e+04 2.144447730e+04 
9.479400000e-03 2.161401832e+04 2.157831682e+04 
9.615800000e-03 2.174801796e+04 2.171112795e+04 
9.754200000e-03 2.187901997e+04 2.184090714e+04 
9.894500000e-03 2.201001816e+04 2.197064591e+04 
1.003700000e-02 2.213801926e+04 2.209735418e+04 
1.018100000e-02 2.226501765e+04 2.222302574e+04 
1.032800000e-02 2.238901995e+04 2.234565387e+04 
1.047600000e-02 2.251201766e+04 2.246725979e+04 
1.062700000e-02 2.263201906e+04 2.258581278e+04 
1.078000000e-02 2.275001911e+04 2.270233553e+04 
1.093500000e-02 2.286601755e+04 2.281681739e+04 
1.109200000e-02 2.297901750e+04 2.292826130e+04 
1.125200000e-02 2.309001754e+04 2.303766498e+04 
1.141400000e-02 2.319901473e+04 2.314501973e+04 
1.157800000e-02 2.330401475e+04 2.324834337e+04 
1.174500000e-02 2.340701350e+04 2.334962044e+04 
1.191400000e-02 2.350701129e+04 2.344785346e+04 
1.208500000e-02 2.360400826e+04 2.354305494e+04 
1.225900000e-02 2.369800513e+04 2.363520196e+04 
1.243500000e-02 2.378899963e+04 2.372431711e+04 
1.261400000e-02 2.387400374e+04 2.380739032e+04 
1.279600000e-02 2.395899676e+04 2.389040389e+04 
1.298000000e-02 2.403899176e+04 2.396838551e+04 
1.316700000e-02 2.411698222e+04 2.404431519e+04 
1.335600000e-02 2.418997453e+04 2.411520927e+04 
1.354800000e-02 2.425996326e+04 2.418306207e+04 
1.374300000e-02 2.432595022e+04 2.424686076e+04 
1.394100000e-02 2.438793581e+04 2.430661841e+04 
1.414200000e-02 2.444591913e+04 2.436233026e+04 
1.434500000e-02 2.449989860e+04 2.441400664e+04 
1.455200000e-02 2.454987423e+04 2.446163128e+04 
1.476100000e-02 2.459484887e+04 2.450422087e+04 
1.497300000e-02 2.463581841e+04 2.454276978e+04 
1.518900000e-02 2.467278208e+04 2.457726612e+04 
1.540700000e-02 2.470474254e+04 2.460673460e+04 
1.562900000e-02 2.473169949e+04 2.463115534e+04 
1.585400000e-02 2.475365183e+04 2.465053950e+04 
1.608200000e-02 2.477159505e+04 2.466588925e+04 
1.631300000e-02 2.478353530e+04 2.467520445e+04 
1.654800000e-02 2.479146532e+04 2.468047766e+04 
1.678600000e-02 2.479339213e+04 2.467972098e+04 
1.702800000e-02 2.479030921e+04 2.467392697e+04 
1.727300000e-02 2.478221647e+04 2.466310600e+04 
1.752100000e-02 2.477010667e+04 2.464825584e+04 
1.777300000e-02 2.475099732e+04 2.462638357e+04 
1.802900000e-02 2.472687524e+04 2.459948219e+04 
1.828800000e-02 2.469575262e+04 2.456556582e+04 
1.855200000e-02 2.466060710e+04 2.452762045e+04 
1.881800000e-02 2.461846402e+04 2.448266792e+04 
1.908900000e-02 2.457130315e+04 2.443269753e+04 
1.936400000e-02 2.451813230e+04 2.437671621e+04 
1.964300000e-02 2.445895140e+04 2.431471544e+04 
1.992500000e-02 2.439376494e+04 2.424674379e+04 
2.021200000e-02 2.432256585e+04 2.417274601e+04 
2.050300000e-02 2.424536000e+04 2.409275601e+04 
2.079800000e-02 2.416313460e+04 2.400778244e+04 
2.109700000e-02 2.407391266e+04 2.391580056e+04 
2.140000000e-02 2.397868537e+04 2.381787305e+04 
2.170800000e-02 2.387745113e+04 2.371393616e+04 
2.202100000e-02 2.377119797e+04 2.360500204e+04 
2.233800000e-02 2.365795778e+04 2.348914175e+04 
2.265900000e-02 2.353871980e+04 2.336729312e+04 
2.298500000e-02 2.341348392e+04 2.323949866e+04 
2.331600000e-02 2.328323825e+04 2.310674343e+04 
2.365100000e-02 2.314601749e+04 2.296702152e+04 
2.399100000e-02 2.300478618e+04 2.282339125e+04 
2.433700000e-02 2.285657315e+04 2.267277717e+04 
2.468700000e-02 2.270337849e+04 2.251725576e+04 
2.504200000e-02 2.254420822e+04 2.235581675e+04 
2.540200000e-02 2.238005758e+04 2.218940953e+04 
2.576800000e-02 2.221092209e+04 2.201813699e+04 
2.613900000e-02 2.203681652e+04 2.184191990e+04 
2.651500000e-02 2.185775068e+04 2.166079726e+04 
2.689600000e-02 2.167372437e+04 2.147480931e+04 
2.728300000e-02 2.148474427e+04 2.128387084e+04 
2.767600000e-02 2.129179830e+04 2.108909702e+04 
2.807400000e-02 2.109490332e+04 2.089041963e+04 
2.847800000e-02 2.089307385e+04 2.068682522e+04 
2.888800000e-02 2.068828727e+04 2.048042379e+04 
2.930300000e-02 2.047957509e+04 2.027009640e+04 
2.972500000e-02 2.026791143e+04 2.005692755e+04 
3.015200000e-02 2.005233839e+04 1.983992158e+04 
3.058600000e-02 1.983481173e+04 1.962100191e+04 
3.102600000e-02 1.961436742e+04 1.939928819e+04 
3.147300000e-02 1.939100354e+04 1.917466228e+04 
3.192600000e-02 1.916670078e+04 1.894918803e+04 
3.238500000e-02 1.893949924e+04 1.872092241e+04 
3.285100000e-02 1.871136341e+04 1.849175236e+04 
3.332400000e-02 1.848229672e+04 1.826178142e+04 
3.380300000e-02 1.825231984e+04 1.803092267e+04 
3.429000000e-02 1.802238923e+04 1.780017966e+04 
3.478300000e-02 1.779155966e+04 1.756865711e+04 
3.528300000e-02 1.756177143e+04 1.733822986e+04 
3.579100000e-02 1.733107972e+04 1.710698902e+04 
3.630600000e-02 1.710241516e+04 1.687786459e+04 
3.682800000e-02 1.687383503e+04 1.664882100e+04 
3.735800000e-02 1.664728126e+04 1.642197540e+04 
3.789600000e-02 1.642177525e+04 1.619620246e+04 
3.844100000e-02 1.619927806e+04 1.597353861e+04 
3.899400000e-02 1.597783476e+04 1.575201831e+04 
3.955500000e-02 1.575939353e+04 1.553357051e+04 
4.012400000e-02 1.554394472e+04 1.531817963e+04 
4.070200000e-02 1.533147543e+04 1.510586601e+04 
4.128700000e-02 1.512296494e+04 1.489763120e+04 
4.188100000e-02 1.491742700e+04 1.469251913e+04 
4.248400000e-02 1.471582319e+04 1.449140002e+04 
4.309500000e-02 1.451815898e+04 1.429410565e+04 
4.371500000e-02 1.432536498e+04 1.410187451e+04 
4.434400000e-02 1.413648301e+04 1.391369679e+04 
4.498200000e-02 1.395149529e+04 1.372941966e+04 
4.562900000e-02 1.377230633e+04 1.355112976e+04 
4.628600000e-02 1.359699357e+04 1.337680650e+04 
4.695200000e-02 1.342649306e+04 1.320737352e+04 
4.762800000e-02 1.326078276e+04 1.304288762e+04 
4.831300000e-02 1.309986123e+04 1.288320671e+04 
4.900800000e-02 1.294370257e+04 1.272846591e+04 
4.971300000e-02 1.279134155e+04 1.257764461e+04 
5.042800000e-02 1.264464998e+04 1.243261876e+04 
5.115400000e-02 1.250171216e+04 1.229150318e+04 
5.189000000e-02 1.236345824e+04 1.215517599e+04 
5.263700000e-02 1.222986197e+04 1.202362084e+04 
5.339400000e-02 1.209996632e+04 1.189587901e+04 
5.416200000e-02 1.197281527e+04 1.177102384e+04 
5.494100000e-02 1.184932182e+04 1.165006521e+04 
5.573200000e-02 1.172945239e+04 1.153289417e+04 
5.653400000e-02 1.161133914e+04 1.141761960e+04 
5.734700000e-02 1.149589865e+04 1.130527683e+04 
5.817200000e-02 1.138216727e+04 1.119480946e+04 
5.900900000e-02 1.127015035e+04 1.108628624e+04 
5.985800000e-02 1.115889330e+04 1.097869315e+04 
6.072000000e-02 1.104746139e+04 1.087117171e+04 
6.159300000e-02 1.093681118e+04 1.076467467e+04 
6.248000000e-02 1.082503701e+04 1.065727473e+04 
6.337900000e-02 1.071219573e+04 1.054906968e+04 
6.429000000e-02 1.059827968e+04 1.044003934e+04 
6.521500000e-02 1.048237222e+04 1.032944742e+04 
6.615400000e-02 1.036356803e+04 1.021609624e+04 
6.710600000e-02 1.024192061e+04 1.010026227e+04 
6.807100000e-02 1.011654816e+04 9.981080719e+03 
6.905100000e-02 9.987449279e+03 9.858300682e+03 
7.004400000e-02 9.855056438e+03 9.732935642e+03 
7.105200000e-02 9.717861979e+03 9.602821820e+03 
7.207400000e-02 9.576108752e+03 9.468458550e+03 
7.311100000e-02 9.429836759e+03 9.330260979e+03 
7.416300000e-02 9.278745124e+03 9.187252340e+03 
7.523000000e-02 9.123083053e+03 9.040381975e+03 
7.631300000e-02 8.962913946e+03 8.889170704e+03 
7.741100000e-02 8.798300820e+03 8.733633957e+03 
7.852400000e-02 8.629759117e+03 8.574958726e+03 
7.965400000e-02 8.457512651e+03 8.412693937e+03 
8.080000000e-02 8.282161984e+03 8.248407833e+03 
8.196300000e-02 8.104201487e+03 8.080900462e+03 
8.314200000e-02 7.924227808e+03 7.910768624e+03 
8.433900000e-02 7.743050006e+03 7.740904027e+03 
8.555200000e-02 7.561266236e+03 7.570271399e+03 
8.678300000e-02 7.379912836e+03 7.400304136e+03 
8.803200000e-02 7.199627946e+03 7.231552912e+03 
8.929800000e-02 7.021281020e+03 7.064785783e+03 
9.058300000e-02 6.845550937e+03 6.900808932e+03 
9.188600000e-02 6.673468217e+03 6.740392141e+03 
9.320900000e-02 6.505567333e+03 6.584215151e+03 
9.455000000e-02 6.342681010e+03 6.432736709e+03 
9.591000000e-02 6.185425142e+03 6.287050570e+03 
9.729000000e-02 6.034317126e+03 6.147073325e+03 
9.869000000e-02 5.889854862e+03 6.013842737e+03 
1.001100000e-01 5.752378548e+03 5.888082916e+03 
1.015500000e-01 5.622052260e+03 5.767640862e+03 
1.030100000e-01 5.499010356e+03 5.654898145e+03 
1.044900000e-01 5.383401940e+03 5.549442152e+03 
1.060000000e-01 5.274806074e+03 5.450587953e+03 
1.075200000e-01 5.173340871e+03 5.359059051e+03 
1.090700000e-01 5.078204327e+03 5.272914758e+03 
1.106400000e-01 4.989195654e+03 5.193180939e+03 
1.122300000e-01 4.905692883e+03 5.118840353e+03 
1.138500000e-01 4.826748128e+03 5.048529051e+03 
1.154800000e-01 4.752051752e+03 4.982721877e+03 
1.171400000e-01 4.680344327e+03 4.919703544e+03 
1.188300000e-01 4.610812531e+03 4.859113269e+03 
1.205400000e-01 4.542638737e+03 4.799811789e+03 
1.222700000e-01 4.474915307e+03 4.741361627e+03 
1.240300000e-01 4.406500895e+03 4.682412388e+03 
1.258200000e-01 4.336654605e+03 4.622264982e+03 
1.276300000e-01 4.264950183e+03 4.560924465e+03 
1.294700000e-01 4.190567934e+03 4.496772031e+03 
1.313300000e-01 4.113333474e+03 4.431228839e+03 
1.332200000e-01 4.032753480e+03 4.362410502e+03 
1.351300000e-01 3.948864276e+03 4.290592616e+03 
1.370800000e-01 3.861515336e+03 4.216734779e+03 
1.390500000e-01 3.771227020e+03 4.139362851e+03 
1.410500000e-01 3.678479245e+03 4.060607980e+03 
1.430800000e-01 3.583820209e+03 3.980116146e+03 
1.451400000e-01 3.488011433e+03 3.898722531e+03 
1.472300000e-01 3.392131674e+03 3.817628041e+03 
1.493500000e-01 3.296856812e+03 3.736822507e+03 
1.515000000e-01 3.203120958e+03 3.657610074e+03 
1.536700000e-01 3.111912654e+03 3.580056852e+03 
1.558900000e-01 3.023590825e+03 3.505929109e+03 
1.581300000e-01 2.939206373e+03 3.433919285e+03 
1.604000000e-01 2.859105134e+03 3.366182355e+03 
1.627100000e-01 2.783443478e+03 3.302442668e+03 
1.650500000e-01 2.712609517e+03 3.241976674e+03 
1.674300000e-01 2.646306725e+03 3.186475580e+03 
1.698400000e-01 2.584455925e+03 3.133483296e+03 
1.722800000e-01 2.526665301e+03 3.084336833e+03 
1.747600000e-01 2.472291915e+03 3.038309938e+03 
1.772700000e-01 2.420939141e+03 2.993988679e+03 
1.798200000e-01 2.371754987e+03 2.952192544e+03 
1.824100000e-01 2.324012411e+03 2.911391137e+03 
1.850400000e-01 2.276972341e+03 2.871539925e+03 
1.877000000e-01 2.230216048e+03 2.831699374e+03 
1.904000000e-01 2.182999742e+03 2.792326297e+03 
1.931400000e-01 2.135024840e+03 2.752158107e+03 
1.959200000e-01 2.085961228e+03 2.711314822e+03 
1.987400000e-01 2.035818166e+03 2.670327608e+03 
2.016000000e-01 1.984665571e+03 2.627898834e+03 
2.045000000e-01 1.932799616e+03 2.585982391e+03 
2.074400000e-01 1.880598835e+03 2.543395644e+03 
2.104200000e-01 1.828516583e+03 2.501044215e+03 
2.134500000e-01 1.777034875e+03 2.459330953e+03 
2.165200000e-01 1.726737188e+03 2.418504642e+03 
2.196400000e-01 1.677900693e+03 2.378315610e+03 
2.228000000e-01 1.630987534e+03 2.339450126e+03 
2.260000000e-01 1.586246598e+03 2.302955201e+03 
2.292600000e-01 1.543606812e+03 2.266553091e+03 
2.325500000e-01 1.503201552e+03 2.232622647e+03 
2.359000000e-01 1.464682925e+03 2.200207739e+03 
2.392900000e-01 1.427966814e+03 2.167825367e+03 
2.427400000e-01 1.392546610e+03 2.136325436e+03 
2.462300000e-01 1.358316207e+03 2.106038822e+03 
2.497700000e-01 1.324835425e+03 2.076558456e+03 
2.533700000e-01 1.291764635e+03 2.047173273e+03 
2.570100000e-01 1.259050666e+03 2.018631249e+03 
2.607100000e-01 1.226452934e+03 1.989982624e+03 
2.644600000e-01 1.194016504e+03 1.961788688e+03 
2.682700000e-01 1.161705138e+03 1.933582773e+03 
2.721300000e-01 1.129770508e+03 1.905673254e+03 
2.760400000e-01 1.098342216e+03 1.878265388e+03 
2.800100000e-01 1.067560470e+03 1.851321119e+03 
2.840400000e-01 1.037551933e+03 1.825036735e+03 
2.881300000e-01 1.008481031e+03 1.799046239e+03 
2.922800000e-01 9.803889311e+02 1.773944962e+03 
2.964800000e-01 9.533396736e+02 1.748762822e+03 
3.007500000e-01 9.271793470e+02 1.724423692e+03 
3.050700000e-01 9.019384166e+02 1.700567920e+03 
3.094600000e-01 8.774033087e+02 1.677064214e+03 
3.139200000e-01 8.534777157e+02 1.654045401e+03 
3.184300000e-01 8.301684592e+02 1.631294267e+03 
3.230100000e-01 8.073090384e+02 1.610345916e+03 
3.276600000e-01 7.848780485e+02 1.590934854e+03 
3.323800000e-01 7.628721445e+02 1.567152306e+03 
3.371600000e-01 7.413529755e+02 1.543893309e+03 
3.420100000e-01 7.203215304e+02 1.523030381e+03 
3.469300000e-01 6.998126492e+02 1.502236747e+03 
3.519200000e-01 6.798594930e+02 1.481815653e+03 
3.569900000e-01 6.604435351e+02 1.461554408e+03 
3.621200000e-01 6.416268239e+02 1.441680862e+03 
3.673300000e-01 6.233354838e+02 1.421923629e+03 
3.726200000e-01 6.055389154e+02 1.402533838e+03 
3.779800000e-01 5.882423070e+02 1.383578103e+03 
3.834200000e-01 5.713922633e+02 1.364903328e+03 
3.889300000e-01 5.549950432e+02 1.346347808e+03 
3.945300000e-01 5.389796418e+02 1.327817538e+03 
4.002100000e-01 5.233745586e+02 1.309775983e+03 
4.059700000e-01 5.081784063e+02 1.292048246e+03 
4.118100000e-01 4.933890250e+02 1.274559151e+03 
4.177300000e-01 4.790110344e+02 1.257242472e+03 
4.237400000e-01 4.650138534e+02 1.240157695e+03 
4.298400000e-01 4.513996530e+02 1.223046005e+03 
4.360200000e-01 4.381793904e+02 1.206255277e+03 
4.423000000e-01 4.252969351e+02 1.189671847e+03 
4.486600000e-01 4.127879326e+02 1.173423008e+03 
4.551200000e-01 4.006067236e+02 1.157408105e+03 
4.616600000e-01 3.887777256e+02 1.141422638e+03 
4.683100000e-01 3.772470645e+02 1.125561112e+03 
4.750500000e-01 3.660436782e+02 1.109856837e+03 
4.818800000e-01 3.551640105e+02 1.094451395e+03 
4.888100000e-01 3.445800892e+02 1.079269050e+03 
4.958500000e-01 3.342809980e+02 1.064246441e+03 
5.029800000e-01 3.242874241e+02 1.049353213e+03 
5.102200000e-01 3.145597197e+02 1.034570157e+03 
5.175600000e-01 3.051151706e+02 1.019971982e+03 
5.250100000e-01 2.959291546e+02 1.005587808e+03 
5.325600000e-01 2.870121751e+02 9.914709469e+02 
5.402200000e-01 2.783459926e+02 9.773042454e+02 
5.480000000e-01 2.699153273e+02 9.632188068e+02 
5.558800000e-01 2.617383520e+02 9.496129090e+02 
5.638800000e-01 2.537899869e+02 9.360674137e+02 
5.719900000e-01 2.460701174e+02 9.225681896e+02 
5.802200000e-01 2.385703964e+02 9.092273547e+02 
5.885700000e-01 2.312843013e+02 8.960500956e+02 
5.970400000e-01 2.242091093e+02 8.831244609e+02 
6.056300000e-01 2.173395199e+02 8.702376101e+02 
6.143400000e-01 2.106748415e+02 8.574066220e+02 
6.231800000e-01 2.041970814e+02 8.447462563e+02 
6.321500000e-01 1.979076352e+02 8.322514591e+02 
6.412400000e-01 1.918063026e+02 8.200040556e+02 
6.504700000e-01 1.858763792e+02 8.077268206e+02 
6.598300000e-01 1.801248600e+02 7.955027412e+02 
6.693200000e-01 1.745430451e+02 7.836375379e+02 
6.789500000e-01 1.691257325e+02 7.718459601e+02 
6.887200000e-01 1.638651237e+02 7.601209345e+02 
6.986300000e-01 1.587604170e+02 7.485515668e+02 
7.086800000e-01 1.538080121e+02 7.371348821e+02 
7.188800000e-01 1.490004087e+02 7.261107253e+02 
7.292200000e-01 1.443417061e+02 7.148669285e+02 
7.397200000e-01 1.398143043e+02 7.034060139e+02 
7.503600000e-01 1.354270029e+02 6.925490178e+02 
7.611600000e-01 1.311694020e+02 6.818183599e+02 
7.721100000e-01 1.270398013e+02 6.712230674e+02 
7.832200000e-01 1.230346009e+02 6.605767624e+02 
7.944900000e-01 1.191485006e+02 6.499218889e+02 
8.059200000e-01 1.153807004e+02 6.397768707e+02 
8.175100000e-01 1.117293002e+02 6.297956199e+02 
8.292800000e-01 1.081831002e+02 6.200328224e+02 
8.412100000e-01 1.047490001e+02 6.098294770e+02 
8.533100000e-01 1.014186001e+02 5.996096368e+02 
8.655900000e-01 9.818760004e+01 5.901458537e+02 
8.780400000e-01 9.505661002e+01 5.804477443e+02 
8.906800000e-01 9.201974001e+01 5.705022651e+02 
9.034900000e-01 8.907832001e+01 5.610688488e+02 
9.164900000e-01 8.622373000e+01 5.517607921e+02 
9.296800000e-01 8.345902000e+01 5.426436456e+02 
9.430500000e-01 8.078103000e+01 5.335496373e+02 
9.566200000e-01 7.818215000e+01 5.244528249e+02 
9.703900000e-01 7.566438000e+01 5.156642821e+02 
9.843500000e-01 7.322490000e+01 5.069080827e+02 
9.985100000e-01 7.086182000e+01 4.982054242e+02 
1.012900000e+00 6.856810000e+01 4.897221266e+02 
1.027500000e+00 6.634452000e+01 4.813197775e+02 
1.042200000e+00 6.420678000e+01 4.730460607e+02 
1.057200000e+00 6.212288000e+01 4.648037419e+02 
1.072400000e+00 6.010511000e+01 4.566580123e+02 
