9.920100000e-04 3.815184928e+03 3.815123456e+03 
1.006300000e-03 3.865999992e+03 3.865920202e+03 
1.020800000e-03 3.917499992e+03 3.917416812e+03 
1.035500000e-03 3.969699992e+03 3.969613254e+03 
1.050400000e-03 4.022499992e+03 4.022409587e+03 
1.065500000e-03 4.075899992e+03 4.075805729e+03 
1.080800000e-03 4.130099991e+03 4.130001728e+03 
1.096300000e-03 4.184799990e+03 4.184697588e+03 
1.112100000e-03 4.240299990e+03 4.240193203e+03 
1.128100000e-03 4.296499990e+03 4.296388689e+03 
1.144400000e-03 4.353299991e+03 4.353183943e+03 
1.160800000e-03 4.410899990e+03 4.410779028e+03 
1.177500000e-03 4.469099990e+03 4.468973941e+03 
1.194500000e-03 4.528099991e+03 4.527968532e+03 
1.211600000e-03 4.587799989e+03 4.587663003e+03 
1.229100000e-03 4.648199991e+03 4.648057192e+03 
1.246800000e-03 4.709299991e+03 4.709151114e+03 
1.264700000e-03 4.771199991e+03 4.771044867e+03 
1.282900000e-03 4.833899991e+03 4.833738269e+03 
1.301400000e-03 4.897199992e+03 4.897031416e+03 
1.320100000e-03 4.961399992e+03 4.961224334e+03 
1.339100000e-03 5.026299992e+03 5.026116860e+03 
1.358300000e-03 5.091999991e+03 5.091809186e+03 
1.377900000e-03 5.158499993e+03 5.158301093e+03 
1.397700000e-03 5.225799992e+03 5.225592695e+03 
1.417800000e-03 5.293799993e+03 5.293584023e+03 
1.438200000e-03 5.362699993e+03 5.362474844e+03 
1.458900000e-03 5.432399994e+03 5.432165379e+03 
1.479900000e-03 5.502799996e+03 5.502555507e+03 
1.501200000e-03 5.574199996e+03 5.573945174e+03 
1.522800000e-03 5.646299998e+03 5.646034527e+03 
1.544700000e-03 5.719299998e+03 5.719023298e+03 
1.566900000e-03 5.793099999e+03 5.792811690e+03 
1.589500000e-03 5.867800002e+03 5.867499602e+03 
1.612400000e-03 5.943300005e+03 5.942986906e+03 
1.635600000e-03 6.019700006e+03 6.019373836e+03 
1.659100000e-03 6.096900007e+03 6.096560137e+03 
1.683000000e-03 6.175000011e+03 6.174645854e+03 
1.707200000e-03 6.254100011e+03 6.253731129e+03 
1.731700000e-03 6.334000011e+03 6.333615614e+03 
1.756700000e-03 6.414700018e+03 6.414299525e+03 
1.781900000e-03 6.496400018e+03 6.495982828e+03 
1.807600000e-03 6.579000023e+03 6.578565299e+03 
1.833600000e-03 6.662500026e+03 6.662047289e+03 
1.860000000e-03 6.746900031e+03 6.746428254e+03 
1.886700000e-03 6.832300030e+03 6.831808645e+03 
1.913900000e-03 6.918600037e+03 6.918088191e+03 
1.941400000e-03 7.005800039e+03 7.005266788e+03 
1.969300000e-03 7.093900042e+03 7.093344734e+03 
1.997700000e-03 7.183000051e+03 7.182421509e+03 
2.026400000e-03 7.273000055e+03 7.272397487e+03 
2.055600000e-03 7.364000061e+03 7.363372580e+03 
2.085100000e-03 7.455900065e+03 7.455246429e+03 
2.115100000e-03 7.548800071e+03 7.548119418e+03 
2.145600000e-03 7.642700080e+03 7.641991135e+03 
2.176500000e-03 7.737600089e+03 7.736861674e+03 
2.207800000e-03 7.833400095e+03 7.832631374e+03 
2.239500000e-03 7.930200099e+03 7.929399432e+03 
2.271800000e-03 8.027900115e+03 8.027066325e+03 
2.304400000e-03 8.126700117e+03 8.125832076e+03 
2.337600000e-03 8.226400128e+03 8.225496072e+03 
2.371200000e-03 8.327200136e+03 8.326259081e+03 
2.405400000e-03 8.428900154e+03 8.427920104e+03 
2.440000000e-03 8.531700164e+03 8.530679800e+03 
2.475100000e-03 8.635400176e+03 8.634338100e+03 
2.510700000e-03 8.740100188e+03 8.738994241e+03 
2.546800000e-03 8.845800199e+03 8.844649083e+03 
2.583400000e-03 8.952600210e+03 8.951401902e+03 
2.620600000e-03 9.060300228e+03 9.059052700e+03 
2.658300000e-03 9.169100241e+03 9.167802097e+03 
2.696600000e-03 9.278800265e+03 9.277448596e+03 
2.735400000e-03 9.389600278e+03 9.388193542e+03 
2.774700000e-03 9.501400291e+03 9.499936346e+03 
2.814700000e-03 9.614200316e+03 9.612676383e+03 
2.855200000e-03 9.728000336e+03 9.726414767e+03 
2.896200000e-03 9.842800348e+03 9.841150118e+03 
2.937900000e-03 9.958600371e+03 9.956883107e+03 
2.980200000e-03 1.007500041e+04 1.007321381e+04 
3.023100000e-03 1.019300043e+04 1.019114098e+04 
3.066600000e-03 1.031200045e+04 1.031006601e+04 
3.110700000e-03 1.043200046e+04 1.042998767e+04 
3.155400000e-03 1.055300047e+04 1.055090645e+04 
3.200800000e-03 1.067400053e+04 1.067182275e+04 
3.246900000e-03 1.079700056e+04 1.079473427e+04 
3.293600000e-03 1.092100057e+04 1.091864333e+04 
3.341000000e-03 1.104600059e+04 1.104354870e+04 
3.389100000e-03 1.117100066e+04 1.116844998e+04 
3.437800000e-03 1.129800067e+04 1.129534861e+04 
3.487300000e-03 1.142600069e+04 1.142324188e+04 
3.537500000e-03 1.155400075e+04 1.155113166e+04 
3.588400000e-03 1.168400077e+04 1.168101757e+04 
3.640000000e-03 1.181400082e+04 1.181089832e+04 
3.692400000e-03 1.194500089e+04 1.194177547e+04 
3.745500000e-03 1.207800088e+04 1.207464694e+04 
3.799400000e-03 1.221100093e+04 1.220751371e+04 
3.854100000e-03 1.234500099e+04 1.234137645e+04 
3.909500000e-03 1.248000102e+04 1.247623232e+04 
3.965800000e-03 1.261600105e+04 1.261208376e+04 
4.022800000e-03 1.275300108e+04 1.274892944e+04 
4.080700000e-03 1.289000116e+04 1.288576862e+04 
4.139400000e-03 1.302900116e+04 1.302460336e+04 
4.199000000e-03 1.316800124e+04 1.316342979e+04 
4.259400000e-03 1.330800129e+04 1.330325098e+04 
4.320700000e-03 1.344900132e+04 1.344406566e+04 
4.382800000e-03 1.359100134e+04 1.358587236e+04 
4.445900000e-03 1.373300142e+04 1.372767332e+04 
4.509900000e-03 1.387600149e+04 1.387046544e+04 
4.574800000e-03 1.402000154e+04 1.401425027e+04 
4.640600000e-03 1.416500154e+04 1.415902849e+04 
4.707300000e-03 1.431000160e+04 1.430379637e+04 
4.775100000e-03 1.445600166e+04 1.444955730e+04 
4.843800000e-03 1.460200177e+04 1.459530899e+04 
4.913500000e-03 1.475000173e+04 1.474305114e+04 
4.984200000e-03 1.489800177e+04 1.489078620e+04 
5.055900000e-03 1.504600186e+04 1.503850788e+04 
5.128600000e-03 1.519500190e+04 1.518722185e+04 
5.202400000e-03 1.534400199e+04 1.533592584e+04 
5.277300000e-03 1.549400204e+04 1.548561701e+04 
5.353200000e-03 1.564500202e+04 1.563630003e+04 
5.430200000e-03 1.579600206e+04 1.578696919e+04 
5.508400000e-03 1.594700217e+04 1.593762714e+04 
5.587600000e-03 1.609900215e+04 1.608927508e+04 
5.668000000e-03 1.625100220e+04 1.624090718e+04 
5.749600000e-03 1.640300231e+04 1.639252912e+04 
5.832300000e-03 1.655600230e+04 1.654513648e+04 
5.916200000e-03 1.670900231e+04 1.669772983e+04 
6.001300000e-03 1.686200240e+04 1.685031246e+04 
6.087700000e-03 1.701600233e+04 1.700387468e+04 
6.175300000e-03 1.716900244e+04 1.715642531e+04 
6.264100000e-03 1.732300241e+04 1.730996063e+04 
6.354300000e-03 1.747700243e+04 1.746347772e+04 
6.445700000e-03 1.763000254e+04 1.761598275e+04 
6.538400000e-03 1.778400250e+04 1.776946630e+04 
6.632500000e-03 1.793800249e+04 1.792293422e+04 
6.727900000e-03 1.809100258e+04 1.807538665e+04 
6.824700000e-03 1.824500253e+04 1.822881583e+04 
6.922900000e-03 1.839800259e+04 1.838123019e+04 
7.022500000e-03 1.855100265e+04 1.853362266e+04 
7.123600000e-03 1.870400261e+04 1.868599494e+04 
7.226100000e-03 1.885600270e+04 1.883735132e+04 
7.330000000e-03 1.900800268e+04 1.898867915e+04 
7.435500000e-03 1.916000263e+04 1.913999005e+04 
7.542500000e-03 1.930900311e+04 1.928827964e+04 
7.651000000e-03 1.946000301e+04 1.943854277e+04 
7.761100000e-03 1.961000307e+04 1.958778668e+04 
7.872800000e-03 1.975900319e+04 1.973600054e+04 
7.986000000e-03 1.990800309e+04 1.988419334e+04 
8.101000000e-03 2.005600313e+04 2.003136106e+04 
8.217500000e-03 2.020300314e+04 2.017749908e+04 
8.335700000e-03 2.034900317e+04 2.032261603e+04 
8.455700000e-03 2.049400333e+04 2.046670105e+04 
8.577300000e-03 2.063800336e+04 2.060975919e+04 
8.700800000e-03 2.078200312e+04 2.075279181e+04 
8.825900000e-03 2.092400314e+04 2.089378932e+04 
8.952900000e-03 2.106400338e+04 2.103276205e+04 
9.081800000e-03 2.120400331e+04 2.117170161e+04 
9.212400000e-03 2.134200335e+04 2.130860911e+04 
9.345000000e-03 2.147900332e+04 2.144449003e+04 
9.479400000e-03 2.161400338e+04 2.157832988e+04 
9.615800000e-03 2.174800331e+04 2.171114139e+04 
9.754200000e-03 2.187900369e+04 2.184092102e+04 
9.894500000e-03 2.201000335e+04 2.197066036e+04 
1.003700000e-02 2.213800355e+04 2.209736920e+04 
1.018100000e-02 2.226500326e+04 2.222304118e+04 
1.032800000e-02 2.238900368e+04 2.234566983e+04 
1.047600000e-02 2.251200326e+04 2.246727634e+04 
1.062700000e-02 2.263200352e+04 2.258582993e+04 
1.078000000e-02 2.275000353e+04 2.270235342e+04 
1.093500000e-02 2.286600324e+04 2.281683634e+04 
1.109200000e-02 2.297900323e+04 2.292828124e+04 
1.125200000e-02 2.309000324e+04 2.303768585e+04 
1.141400000e-02 2.319900272e+04 2.314504047e+04 
1.157800000e-02 2.330400272e+04 2.324836927e+04 
1.174500000e-02 2.340700249e+04 2.334965940e+04 
1.191400000e-02 2.350700208e+04 2.344788636e+04 
1.208500000e-02 2.360400152e+04 2.354307816e+04 
1.225900000e-02 2.369800095e+04 2.363522609e+04 
1.243500000e-02 2.378899993e+04 2.372434224e+04 
1.261400000e-02 2.387400069e+04 2.380741653e+04 
1.279600000e-02 2.395899940e+04 2.389043060e+04 
1.298000000e-02 2.403899848e+04 2.396841282e+04 
1.316700000e-02 2.411699672e+04 2.404434366e+04 
1.335600000e-02 2.418999530e+04 2.411523868e+04 
1.354800000e-02 2.425999322e+04 2.418309230e+04 
1.374300000e-02 2.432599081e+04 2.424689181e+04 
1.394100000e-02 2.438798815e+04 2.430665039e+04 
1.414200000e-02 2.444598506e+04 2.436236332e+04 
1.434500000e-02 2.449998127e+04 2.441404074e+04 
1.455200000e-02 2.454997677e+04 2.446166644e+04 
1.476100000e-02 2.459497208e+04 2.450425727e+04 
1.497300000e-02 2.463596645e+04 2.454280770e+04 
1.518900000e-02 2.467295974e+04 2.457730588e+04 
1.540700000e-02 2.470495243e+04 2.460677482e+04 
1.562900000e-02 2.473194448e+04 2.463119636e+04 
1.585400000e-02 2.475393567e+04 2.465058300e+04 
1.608200000e-02 2.477192517e+04 2.466593389e+04 
1.631300000e-02 2.478391412e+04 2.467524933e+04 
1.654800000e-02 2.479190118e+04 2.468052383e+04 
1.678600000e-02 2.479388765e+04 2.467976810e+04 
1.702800000e-02 2.479087231e+04 2.467397433e+04 
1.727300000e-02 2.478285516e+04 2.466315411e+04 
1.752100000e-02 2.477083485e+04 2.464830739e+04 
1.777300000e-02 2.475181462e+04 2.462646231e+04 
1.802900000e-02 2.472779203e+04 2.459956412e+04 
1.828800000e-02 2.469676934e+04 2.456562283e+04 
1.855200000e-02 2.466174241e+04 2.452767459e+04 
1.881800000e-02 2.461971593e+04 2.448272404e+04 
1.908900000e-02 2.457268615e+04 2.443275772e+04 
1.936400000e-02 2.451965451e+04 2.437677681e+04 
1.964300000e-02 2.446062101e+04 2.431477375e+04 
1.992500000e-02 2.439558648e+04 2.424680374e+04 
2.021200000e-02 2.432454960e+04 2.417280760e+04 
2.050300000e-02 2.424751146e+04 2.409281868e+04 
2.079800000e-02 2.416546969e+04 2.400784526e+04 
2.109700000e-02 2.407642855e+04 2.391586325e+04 
2.140000000e-02 2.398138641e+04 2.381793775e+04 
2.170800000e-02 2.388034297e+04 2.371400350e+04 
2.202100000e-02 2.377429602e+04 2.360507287e+04 
2.233800000e-02 2.366125145e+04 2.348921264e+04 
2.265900000e-02 2.354220728e+04 2.336736347e+04 
2.298500000e-02 2.341716348e+04 2.323956921e+04 
2.331600000e-02 2.328711785e+04 2.310681436e+04 
2.365100000e-02 2.315007683e+04 2.296709282e+04 
2.399100000e-02 2.300903383e+04 2.282346275e+04 
2.433700000e-02 2.286099421e+04 2.267284912e+04 
2.468700000e-02 2.270795797e+04 2.251732892e+04 
2.504200000e-02 2.254892624e+04 2.235589003e+04 
2.540200000e-02 2.238489813e+04 2.218948255e+04 
2.576800000e-02 2.221587282e+04 2.201821415e+04 
2.613900000e-02 2.204185305e+04 2.184199961e+04 
2.651500000e-02 2.186284064e+04 2.166087714e+04 
2.689600000e-02 2.167883555e+04 2.147496930e+04 
2.728300000e-02 2.148983902e+04 2.128410361e+04 
2.767600000e-02 2.129684883e+04 2.108923308e+04 
2.807400000e-02 2.109986810e+04 2.089050999e+04 
2.847800000e-02 2.089789954e+04 2.068691646e+04 
2.888800000e-02 2.069293895e+04 2.048051589e+04 
2.930300000e-02 2.048399219e+04 2.027019003e+04 
2.972500000e-02 2.027205447e+04 2.005702592e+04 
3.015200000e-02 2.005613361e+04 1.984002440e+04 
3.058600000e-02 1.983822140e+04 1.962110900e+04 
3.102600000e-02 1.961732454e+04 1.939939816e+04 
3.147300000e-02 1.939344269e+04 1.917477727e+04 
3.192600000e-02 1.916857226e+04 1.894931229e+04 
3.238500000e-02 1.894072073e+04 1.872105015e+04 
3.285100000e-02 1.871188151e+04 1.849188255e+04 
3.332400000e-02 1.848205525e+04 1.826192334e+04 
3.380300000e-02 1.825124581e+04 1.803107787e+04 
3.429000000e-02 1.802044510e+04 1.780035032e+04 
3.478300000e-02 1.778866335e+04 1.756883563e+04 
3.528300000e-02 1.755788944e+04 1.733842221e+04 
3.579100000e-02 1.732613368e+04 1.710721879e+04 
3.630600000e-02 1.709638315e+04 1.687810970e+04 
3.682800000e-02 1.686664856e+04 1.664906594e+04 
3.735800000e-02 1.663891908e+04 1.642223297e+04 
3.789600000e-02 1.641219873e+04 1.619647579e+04 
3.844100000e-02 1.618848025e+04 1.597383469e+04 
3.899400000e-02 1.596577208e+04 1.575233021e+04 
3.955500000e-02 1.574606455e+04 1.553389640e+04 
4.012400000e-02 1.552935586e+04 1.531852918e+04 
4.070200000e-02 1.531564362e+04 1.510623907e+04 
4.128700000e-02 1.510592395e+04 1.489802783e+04 
4.188100000e-02 1.489919943e+04 1.469294013e+04 
4.248400000e-02 1.469646286e+04 1.449184689e+04 
4.309500000e-02 1.449771527e+04 1.429458210e+04 
4.371500000e-02 1.430394364e+04 1.410238422e+04 
4.434400000e-02 1.411415580e+04 1.391424221e+04 
4.498200000e-02 1.392834838e+04 1.372997944e+04 
4.562900000e-02 1.374850345e+04 1.355170549e+04 
4.628600000e-02 1.357263550e+04 1.337739861e+04 
4.695200000e-02 1.340173248e+04 1.320798152e+04 
4.762800000e-02 1.323579020e+04 1.304351345e+04 
4.831300000e-02 1.307480831e+04 1.288384531e+04 
4.900800000e-02 1.291878188e+04 1.272911069e+04 
4.971300000e-02 1.276671739e+04 1.257828503e+04 
5.042800000e-02 1.262059059e+04 1.243324504e+04 
5.115400000e-02 1.247841727e+04 1.229211475e+04 
5.189000000e-02 1.234118414e+04 1.215576807e+04 
5.263700000e-02 1.220888611e+04 1.202418695e+04 
5.339400000e-02 1.208053115e+04 1.189641558e+04 
5.416200000e-02 1.195512746e+04 1.177150964e+04 
5.494100000e-02 1.183365842e+04 1.165049757e+04 
5.573200000e-02 1.171611751e+04 1.153325711e+04 
5.653400000e-02 1.160052958e+04 1.141790758e+04 
5.734700000e-02 1.148787866e+04 1.130549371e+04 
5.817200000e-02 1.137717146e+04 1.119491285e+04 
5.900900000e-02 1.126840881e+04 1.108627094e+04 
5.985800000e-02 1.116059914e+04 1.097854491e+04 
6.072000000e-02 1.105275471e+04 1.087087751e+04 
6.159300000e-02 1.094586707e+04 1.076423586e+04 
6.248000000e-02 1.083795405e+04 1.065666784e+04 
6.337900000e-02 1.072902635e+04 1.054829115e+04 
6.429000000e-02 1.061908238e+04 1.043908778e+04 
6.521500000e-02 1.050713798e+04 1.032830882e+04 
6.615400000e-02 1.039221118e+04 1.021476963e+04 
6.710600000e-02 1.027431224e+04 1.009874584e+04 
6.807100000e-02 1.015246386e+04 9.979379912e+03 
6.905100000e-02 1.002666584e+04 9.856415266e+03 
7.004400000e-02 9.897324547e+03 9.730886791e+03 
7.105200000e-02 9.762777162e+03 9.600615694e+03 
7.207400000e-02 9.623232241e+03 9.466113452e+03 
7.311100000e-02 9.478697831e+03 9.327820724e+03 
7.416300000e-02 9.328793491e+03 9.184718060e+03 
7.523000000e-02 9.173729241e+03 9.037796425e+03 
7.631300000e-02 9.013517923e+03 8.886595722e+03 
7.741100000e-02 8.848172442e+03 8.731125738e+03 
7.852400000e-02 8.678196542e+03 8.572599317e+03 
7.965400000e-02 8.503795629e+03 8.410488151e+03 
8.080000000e-02 8.325570695e+03 8.246428891e+03 
8.196300000e-02 8.144021543e+03 8.079233036e+03 
8.314200000e-02 7.959748495e+03 7.909437921e+03 
8.433900000e-02 7.773634702e+03 7.740064276e+03 
8.555200000e-02 7.586280805e+03 7.569913635e+03 
8.678300000e-02 7.398855591e+03 7.400472597e+03 
8.803200000e-02 7.212047771e+03 7.232373822e+03 
8.929800000e-02 7.026832436e+03 7.066288988e+03 
9.058300000e-02 6.843986375e+03 6.903070690e+03 
9.188600000e-02 6.664676638e+03 6.743420988e+03 
9.320900000e-02 6.489570818e+03 6.588039638e+03 
9.455000000e-02 6.319635881e+03 6.437345206e+03 
9.591000000e-02 6.155635164e+03 6.292438541e+03 
9.729000000e-02 5.998231972e+03 6.153216017e+03 
9.869000000e-02 5.848085336e+03 6.020670724e+03 
1.001100000e-01 5.705662366e+03 5.895581340e+03 
1.015500000e-01 5.571234618e+03 5.775604422e+03 
1.030100000e-01 5.445067289e+03 5.663278347e+03 
1.044900000e-01 5.327428132e+03 5.558072294e+03 
1.060000000e-01 5.218070491e+03 5.459246737e+03 
1.075200000e-01 5.116935788e+03 5.367683157e+03 
1.090700000e-01 5.023460535e+03 5.281096596e+03 
1.106400000e-01 4.937361836e+03 5.200807059e+03 
1.122300000e-01 4.857952768e+03 5.125722142e+03 
1.138500000e-01 4.784320688e+03 5.054327500e+03 
1.154800000e-01 4.715842650e+03 4.987353458e+03 
1.171400000e-01 4.651304067e+03 4.922701808e+03 
1.188300000e-01 4.589740787e+03 4.860427167e+03 
1.205400000e-01 4.529950711e+03 4.799391692e+03 
1.222700000e-01 4.470793362e+03 4.738888085e+03 
1.240300000e-01 4.410921944e+03 4.677933864e+03 
1.258200000e-01 4.349311504e+03 4.615886025e+03 
1.276300000e-01 4.285162639e+03 4.552745352e+03 
1.294700000e-01 4.217436239e+03 4.486763674e+03 
1.313300000e-01 4.145625522e+03 4.419897859e+03 
1.332200000e-01 4.069078074e+03 4.349960692e+03 
1.351300000e-01 3.987492297e+03 4.277338628e+03 
1.370800000e-01 3.900840831e+03 4.203433230e+03 
1.390500000e-01 3.809321113e+03 4.126161021e+03 
1.410500000e-01 3.713592056e+03 4.048624081e+03 
1.430800000e-01 3.614249284e+03 3.969536619e+03 
1.451400000e-01 3.512247489e+03 3.889688054e+03 
1.472300000e-01 3.409000287e+03 3.811219815e+03 
1.493500000e-01 3.305441440e+03 3.733115093e+03 
1.515000000e-01 3.202871827e+03 3.656954375e+03 
1.536700000e-01 3.102602575e+03 3.582518279e+03 
1.558900000e-01 3.005723443e+03 3.511756549e+03 
1.581300000e-01 2.913399296e+03 3.442786037e+03 
1.604000000e-01 2.826478838e+03 3.377736496e+03 
1.627100000e-01 2.745532772e+03 3.316119807e+03 
1.650500000e-01 2.671181628e+03 3.256928940e+03 
1.674300000e-01 2.603347803e+03 3.202512553e+03 
1.698400000e-01 2.541925116e+03 3.148658184e+03 
1.722800000e-01 2.486504167e+03 3.098117373e+03 
1.747600000e-01 2.436386843e+03 3.050183416e+03 
1.772700000e-01 2.390856834e+03 3.002470669e+03 
1.798200000e-01 2.348787020e+03 2.957085476e+03 
1.824100000e-01 2.309006209e+03 2.911768413e+03 
1.850400000e-01 2.270192615e+03 2.867287170e+03 
1.877000000e-01 2.231410007e+03 2.822628200e+03 
1.904000000e-01 2.191345858e+03 2.779158288e+03 
1.931400000e-01 2.149329755e+03 2.735296504e+03 
1.959200000e-01 2.104538143e+03 2.691579757e+03 
1.987400000e-01 2.056761928e+03 2.649450143e+03 
2.016000000e-01 2.005885417e+03 2.606265877e+03 
2.045000000e-01 1.952299664e+03 2.566165276e+03 
2.074400000e-01 1.896565224e+03 2.526153474e+03 
2.104200000e-01 1.839482427e+03 2.487447819e+03 
2.134500000e-01 1.782149643e+03 2.450485694e+03 
2.165200000e-01 1.725612240e+03 2.414532265e+03 
2.196400000e-01 1.670753839e+03 2.379659809e+03 
2.228000000e-01 1.618500138e+03 2.345268139e+03 
2.260000000e-01 1.569638395e+03 2.313086966e+03 
2.292600000e-01 1.524569753e+03 2.278350185e+03 
2.325500000e-01 1.483312462e+03 2.245391414e+03 
2.359000000e-01 1.445749334e+03 2.212107271e+03 
2.392900000e-01 1.411547727e+03 2.176947623e+03 
2.427400000e-01 1.379901109e+03 2.142064742e+03 
2.462300000e-01 1.350194591e+03 2.106498267e+03 
2.497700000e-01 1.321512119e+03 2.071929893e+03 
2.533700000e-01 1.292976342e+03 2.037246801e+03 
2.570100000e-01 1.263947067e+03 2.004822527e+03 
2.607100000e-01 1.233946265e+03 1.972742339e+03 
2.644600000e-01 1.202729160e+03 1.943539387e+03 
2.682700000e-01 1.170169765e+03 1.915859884e+03 
2.721300000e-01 1.136781976e+03 1.889601190e+03 
2.760400000e-01 1.102900533e+03 1.866329933e+03 
2.800100000e-01 1.069195301e+03 1.843636750e+03 
2.840400000e-01 1.036186127e+03 1.822169698e+03 
2.881300000e-01 1.004593914e+03 1.800034658e+03 
2.922800000e-01 9.747007491e+02 1.778590823e+03 
2.964800000e-01 9.468080969e+02 1.754516758e+03 
3.007500000e-01 9.208476261e+02 1.730306292e+03 
3.050700000e-01 8.966711135e+02 1.704695178e+03 
3.094600000e-01 8.738740026e+02 1.677958105e+03 
3.139200000e-01 8.520049837e+02 1.651438377e+03 
3.184300000e-01 8.306438927e+02 1.625015214e+03 
3.230100000e-01 8.093629110e+02 1.600640802e+03 
3.276600000e-01 7.878985911e+02 1.577693657e+03 
3.323800000e-01 7.661507285e+02 1.555159690e+03 
3.371600000e-01 7.442188484e+02 1.533483366e+03 
3.420100000e-01 7.222967305e+02 1.514936107e+03 
3.469300000e-01 7.006618903e+02 1.496878787e+03 
3.519200000e-01 6.796220207e+02 1.479592296e+03 
3.569900000e-01 6.594160202e+02 1.461266598e+03 
3.621200000e-01 6.401916696e+02 1.442747879e+03 
3.673300000e-01 6.219476392e+02 1.423282758e+03 
3.726200000e-01 6.045920427e+02 1.402745797e+03 
3.779800000e-01 5.879477425e+02 1.382218278e+03 
3.834200000e-01 5.717978889e+02 1.361412406e+03 
3.889300000e-01 5.559573451e+02 1.341398152e+03 
3.945300000e-01 5.402620320e+02 1.321926207e+03 
4.002100000e-01 5.247002076e+02 1.304254324e+03 
4.059700000e-01 5.093042570e+02 1.287147807e+03 
4.118100000e-01 4.941644561e+02 1.271160714e+03 
4.177300000e-01 4.794226119e+02 1.255138578e+03 
4.237400000e-01 4.651500153e+02 1.239375808e+03 
4.298400000e-01 4.514138175e+02 1.222619270e+03 
4.360200000e-01 4.382299976e+02 1.205965618e+03 
4.423000000e-01 4.255044653e+02 1.188896805e+03 
4.486600000e-01 4.131880548e+02 1.171967926e+03 
4.551200000e-01 4.011788381e+02 1.155209040e+03 
4.616600000e-01 3.894287878e+02 1.138885567e+03 
4.683100000e-01 3.778954758e+02 1.123077998e+03 
4.750500000e-01 3.666098503e+02 1.107877694e+03 
4.818800000e-01 3.556146191e+02 1.093091081e+03 
4.888100000e-01 3.449294608e+02 1.078479029e+03 
4.958500000e-01 3.345763908e+02 1.063727917e+03 
5.029800000e-01 3.245724229e+02 1.048925653e+03 
5.102200000e-01 3.148742986e+02 1.034129456e+03 
5.175600000e-01 3.054696219e+02 1.019381531e+03 
5.250100000e-01 2.963078346e+02 1.004869675e+03 
5.325600000e-01 2.873909208e+02 9.906947564e+02 
5.402200000e-01 2.786991223e+02 9.766699680e+02 
5.480000000e-01 2.702301579e+02 9.628041726e+02 
5.558800000e-01 2.620156858e+02 9.493896711e+02 
5.638800000e-01 2.540404770e+02 9.359798991e+02 
5.719900000e-01 2.463088810e+02 9.225522019e+02 
5.802200000e-01 2.388054093e+02 9.092256175e+02 
5.885700000e-01 2.315193177e+02 8.960415529e+02 
5.970400000e-01 2.244385220e+02 8.830394160e+02 
6.056300000e-01 2.175549835e+02 8.702189400e+02 
6.143400000e-01 2.108713942e+02 8.575698320e+02 
6.231800000e-01 2.043763412e+02 8.449942583e+02 
6.321500000e-01 1.980708480e+02 8.325627316e+02 
6.412400000e-01 1.919585424e+02 8.203511679e+02 
6.504700000e-01 1.860215044e+02 8.080827103e+02 
6.598300000e-01 1.802615480e+02 7.958479198e+02 
6.693200000e-01 1.746716384e+02 7.840137504e+02 
6.789500000e-01 1.692426663e+02 7.722478691e+02 
6.887200000e-01 1.639730679e+02 7.605625780e+02 
6.986300000e-01 1.588590043e+02 7.490236210e+02 
7.086800000e-01 1.538988180e+02 7.375749919e+02 
7.188800000e-01 1.490845040e+02 7.261909615e+02 
7.292200000e-01 1.444183781e+02 7.149675851e+02 
7.397200000e-01 1.398849736e+02 7.038691172e+02 
7.503600000e-01 1.354909475e+02 6.931157017e+02 
7.611600000e-01 1.312271026e+02 6.823849626e+02 
7.721100000e-01 1.270918784e+02 6.715845260e+02 
7.832200000e-01 1.230819271e+02 6.609113363e+02 
7.944900000e-01 1.191914638e+02 6.503218341e+02 
8.059200000e-01 1.154197224e+02 6.400527598e+02 
8.175100000e-01 1.117642119e+02 6.300231618e+02 
8.292800000e-01 1.082145256e+02 6.203346709e+02 
8.412100000e-01 1.047764973e+02 6.101065223e+02 
8.533100000e-01 1.014434084e+02 5.998344156e+02 
8.655900000e-01 9.820945426e+01 5.903070640e+02 
8.780400000e-01 9.507591548e+01 5.806496322e+02 
8.906800000e-01 9.203680345e+01 5.708474131e+02 
9.034900000e-01 8.909325377e+01 5.614361511e+02 
9.164900000e-01 8.623685036e+01 5.521164324e+02 
9.296800000e-01 8.347047367e+01 5.429326515e+02 
9.430500000e-01 8.079096585e+01 5.338447722e+02 
9.566200000e-01 7.819082679e+01 5.247997463e+02 
9.703900000e-01 7.567190098e+01 5.159835731e+02 
9.843500000e-01 7.323138457e+01 5.072045202e+02 
9.985100000e-01 7.086737730e+01 4.984880593e+02 
1.012900000e+00 6.857291300e+01 4.899625131e+02 
1.027500000e+00 6.634868341e+01 4.815111373e+02 
1.042200000e+00 6.421016763e+01 4.732173750e+02 
1.057200000e+00 6.212575164e+01 4.649854310e+02 
1.072400000e+00 6.010752071e+01 4.568827518e+02 
