9.92010000E-04 3.74702440E+03
1.00630000E-03 3.79734685E+03
1.02080000E-03 3.84832361E+03
1.03550000E-03 3.89991599E+03
1.05040000E-03 3.95212045E+03
1.06550000E-03 4.00493344E+03
1.08080000E-03 4.05835134E+03
1.09630000E-03 4.11237049E+03
1.11210000E-03 4.16733474E+03
1.12810000E-03 4.22289148E+03
1.14440000E-03 4.27938311E+03
1.16080000E-03 4.33611261E+03
1.17750000E-03 4.39376785E+03
1.19450000E-03 4.45234280E+03
1.21160000E-03 4.51114429E+03
1.22910000E-03 4.57119876E+03
1.24680000E-03 4.63181357E+03
1.26470000E-03 4.69298450E+03
1.28290000E-03 4.75504788E+03
1.30140000E-03 4.81799715E+03
1.32010000E-03 4.88148651E+03
1.33910000E-03 4.94584984E+03
1.35830000E-03 5.01074271E+03
1.37790000E-03 5.07683412E+03
1.39770000E-03 5.14344265E+03
1.41780000E-03 5.21089875E+03
1.43820000E-03 5.27919518E+03
1.45890000E-03 5.34832461E+03
1.47990000E-03 5.41827959E+03
1.50120000E-03 5.48905257E+03
1.52280000E-03 5.56063591E+03
1.54470000E-03 5.63302184E+03
1.56690000E-03 5.70620252E+03
1.58950000E-03 5.78049828E+03
1.61240000E-03 5.85557094E+03
1.63560000E-03 5.93141232E+03
1.65910000E-03 6.00801414E+03
1.68300000E-03 6.08569255E+03
1.70720000E-03 6.16411260E+03
1.73170000E-03 6.24326570E+03
1.75670000E-03 6.32378632E+03
1.78190000E-03 6.40469790E+03
1.80760000E-03 6.48695321E+03
1.83360000E-03 6.56990001E+03
1.86000000E-03 6.65384660E+03
1.88670000E-03 6.73846417E+03
1.91390000E-03 6.82437398E+03
1.94140000E-03 6.91093161E+03
1.96930000E-03 6.99844059E+03
1.99770000E-03 7.08719987E+03
2.02640000E-03 7.17657119E+03
2.05560000E-03 7.26716400E+03
2.08510000E-03 7.35834432E+03
2.11510000E-03 7.45071669E+03
2.14560000E-03 7.54426376E+03
2.17650000E-03 7.63866304E+03
2.20780000E-03 7.73390045E+03
2.23950000E-03 7.82996173E+03
2.27180000E-03 7.92743482E+03
2.30440000E-03 8.02539798E+03
2.33760000E-03 8.12473610E+03
2.37120000E-03 8.22483205E+03
2.40540000E-03 8.32626273E+03
2.44000000E-03 8.42841588E+03
2.47510000E-03 8.53156946E+03
2.51070000E-03 8.63570401E+03
2.54680000E-03 8.74079991E+03
2.58340000E-03 8.84683734E+03
2.62060000E-03 8.95408390E+03
2.65830000E-03 9.06222897E+03
2.69660000E-03 9.17153689E+03
2.73540000E-03 9.28169953E+03
2.77470000E-03 9.39269621E+03
2.81470000E-03 9.50506648E+03
2.85520000E-03 9.61822292E+03
2.89620000E-03 9.73214439E+03
2.93790000E-03 9.84736068E+03
2.98020000E-03 9.96356698E+03
3.02310000E-03 1.00807370E+04
3.06660000E-03 1.01988441E+04
3.11070000E-03 1.03178617E+04
3.15540000E-03 1.04377630E+04
3.20080000E-03 1.05587866E+04
3.24690000E-03 1.06809003E+04
3.29360000E-03 1.08038094E+04
3.34100000E-03 1.09277471E+04
3.38910000E-03 1.10526804E+04
3.43780000E-03 1.11783193E+04
3.48730000E-03 1.13051467E+04
3.53750000E-03 1.14328703E+04
3.58840000E-03 1.15614565E+04
3.64000000E-03 1.16908719E+04
3.69240000E-03 1.18213307E+04
3.74550000E-03 1.19525472E+04
3.79940000E-03 1.20847318E+04
3.85410000E-03 1.22178448E+04
3.90950000E-03 1.23516057E+04
3.96580000E-03 1.24864574E+04
4.02280000E-03 1.26218806E+04
4.08070000E-03 1.27583104E+04
4.13940000E-03 1.28954678E+04
4.19900000E-03 1.30335430E+04
4.25940000E-03 1.31722608E+04
4.32070000E-03 1.33118075E+04
4.38280000E-03 1.34519116E+04
4.44590000E-03 1.35929777E+04
4.50990000E-03 1.37347324E+04
4.57480000E-03 1.38771287E+04
4.64060000E-03 1.40201199E+04
4.70730000E-03 1.41636590E+04
4.77510000E-03 1.43081234E+04
4.84380000E-03 1.44530335E+04
4.91350000E-03 1.45985504E+04
4.98420000E-03 1.47446210E+04
5.05590000E-03 1.48911919E+04
5.12860000E-03 1.50382103E+04
5.20240000E-03 1.51858220E+04
5.27730000E-03 1.53339675E+04
5.35320000E-03 1.54823929E+04
5.43020000E-03 1.56312379E+04
5.50840000E-03 1.57806331E+04
5.58760000E-03 1.59301374E+04
5.66800000E-03 1.60800695E+04
5.74960000E-03 1.62303639E+04
5.83230000E-03 1.63807745E+04
5.91620000E-03 1.65314214E+04
6.00130000E-03 1.66822399E+04
6.08770000E-03 1.68333389E+04
6.17530000E-03 1.69844757E+04
6.26410000E-03 1.71355863E+04
6.35430000E-03 1.72869401E+04
6.44570000E-03 1.74381311E+04
6.53840000E-03 1.75892581E+04
6.63250000E-03 1.77404109E+04
6.72790000E-03 1.78913557E+04
6.82470000E-03 1.80421782E+04
6.92290000E-03 1.81928028E+04
7.02250000E-03 1.83431540E+04
7.12360000E-03 1.84933043E+04
7.22610000E-03 1.86430271E+04
7.33000000E-03 1.87922487E+04
7.43550000E-03 1.89411755E+04
7.54250000E-03 1.90895826E+04
7.65100000E-03 1.92373903E+04
7.76110000E-03 1.93846522E+04
7.87280000E-03 1.95312823E+04
7.98600000E-03 1.96770679E+04
8.10100000E-03 1.98223070E+04
8.21750000E-03 1.99665329E+04
8.33570000E-03 2.01099097E+04
8.45570000E-03 2.02524649E+04
8.57730000E-03 2.03938713E+04
8.70080000E-03 2.05343852E+04
8.82590000E-03 2.06735731E+04
8.95290000E-03 2.08116778E+04
9.08180000E-03 2.09485972E+04
9.21240000E-03 2.10840253E+04
9.34500000E-03 2.12181765E+04
9.47940000E-03 2.13507488E+04
9.61580000E-03 2.14818404E+04
9.75420000E-03 2.16113454E+04
9.89450000E-03 2.17390691E+04
1.00370000E-02 2.18651763E+04
1.01810000E-02 2.19889554E+04
1.03280000E-02 2.21115739E+04
1.04760000E-02 2.22312616E+04
1.06270000E-02 2.23495347E+04
1.07800000E-02 2.24654713E+04
1.09350000E-02 2.25789722E+04
1.10920000E-02 2.26899386E+04
1.12520000E-02 2.27989414E+04
1.14140000E-02 2.29051645E+04
1.15780000E-02 2.30085121E+04
1.17450000E-02 2.31094816E+04
1.19140000E-02 2.32073365E+04
1.20850000E-02 2.33019846E+04
1.22590000E-02 2.33938503E+04
1.24350000E-02 2.34822776E+04
1.26140000E-02 2.35676427E+04
1.27960000E-02 2.36497828E+04
1.29800000E-02 2.37281237E+04
1.31670000E-02 2.38029705E+04
1.33560000E-02 2.38738045E+04
1.35480000E-02 2.39408846E+04
1.37430000E-02 2.40040593E+04
1.39410000E-02 2.40631803E+04
1.41420000E-02 2.41181029E+04
1.43450000E-02 2.41684508E+04
1.45520000E-02 2.42145832E+04
1.47610000E-02 2.42559223E+04
1.49730000E-02 2.42925764E+04
1.51890000E-02 2.43245598E+04
1.54070000E-02 2.43514609E+04
1.56290000E-02 2.43734186E+04
1.58540000E-02 2.43901961E+04
1.60820000E-02 2.44017006E+04
1.63130000E-02 2.44078477E+04
1.65480000E-02 2.44085537E+04
1.67860000E-02 2.44037154E+04
1.70280000E-02 2.43932239E+04
1.72730000E-02 2.43770459E+04
1.75210000E-02 2.43551511E+04
1.77730000E-02 2.43274004E+04
1.80290000E-02 2.42937248E+04
1.82880000E-02 2.42542340E+04
1.85520000E-02 2.42085863E+04
1.88180000E-02 2.41573097E+04
1.90890000E-02 2.40998522E+04
1.93640000E-02 2.40364116E+04
1.96430000E-02 2.39670208E+04
1.99250000E-02 2.38920057E+04
2.02120000E-02 2.38109032E+04
2.05030000E-02 2.37240583E+04
2.07980000E-02 2.36315763E+04
2.10970000E-02 2.35335796E+04
2.14000000E-02 2.34302070E+04
2.17080000E-02 2.33212532E+04
2.20210000E-02 2.32068531E+04
2.23380000E-02 2.30875419E+04
2.26590000E-02 2.29635193E+04
2.29850000E-02 2.28345959E+04
2.33160000E-02 2.27009679E+04
2.36510000E-02 2.25632587E+04
2.39910000E-02 2.24212860E+04
2.43370000E-02 2.22748507E+04
2.46870000E-02 2.21250340E+04
2.50420000E-02 2.19716551E+04
2.54020000E-02 2.18149571E+04
2.57680000E-02 2.16547467E+04
2.61390000E-02 2.14917047E+04
2.65150000E-02 2.13260770E+04
2.68960000E-02 2.11581056E+04
2.72830000E-02 2.09875878E+04
2.76760000E-02 2.08147582E+04
2.80740000E-02 2.06402849E+04
2.84780000E-02 2.04639513E+04
2.88880000E-02 2.02859744E+04
2.93030000E-02 2.01069933E+04
2.97250000E-02 1.99263462E+04
3.01520000E-02 1.97450803E+04
3.05860000E-02 1.95625282E+04
3.10260000E-02 1.93792883E+04
3.14730000E-02 1.91951125E+04
3.19260000E-02 1.90105712E+04
3.23850000E-02 1.88258057E+04
3.28510000E-02 1.86405520E+04
3.33240000E-02 1.84549464E+04
3.38030000E-02 1.82695007E+04
3.42900000E-02 1.80835587E+04
3.47830000E-02 1.78979935E+04
3.52830000E-02 1.77125217E+04
3.57910000E-02 1.75268735E+04
3.63060000E-02 1.73415085E+04
3.68280000E-02 1.71565051E+04
3.73580000E-02 1.69715892E+04
3.78960000E-02 1.67868431E+04
3.84410000E-02 1.66026784E+04
3.89940000E-02 1.64188201E+04
3.95550000E-02 1.62353345E+04
4.01240000E-02 1.60522831E+04
4.07020000E-02 1.58694094E+04
4.12870000E-02 1.56874000E+04
4.18810000E-02 1.55056824E+04
4.24840000E-02 1.53243191E+04
4.30950000E-02 1.51436623E+04
4.37150000E-02 1.49634651E+04
4.43440000E-02 1.47837813E+04
4.49820000E-02 1.46046623E+04
4.56290000E-02 1.44261573E+04
4.62860000E-02 1.42480447E+04
4.69520000E-02 1.40706480E+04
4.76280000E-02 1.38937514E+04
4.83130000E-02 1.37176653E+04
4.90080000E-02 1.35421797E+04
4.97130000E-02 1.33673470E+04
5.04280000E-02 1.31932181E+04
5.11540000E-02 1.30196053E+04
5.18900000E-02 1.28468019E+04
5.26370000E-02 1.26746257E+04
5.33940000E-02 1.25033585E+04
5.41620000E-02 1.23328234E+04
5.49410000E-02 1.21630749E+04
5.57320000E-02 1.19939537E+04
5.65340000E-02 1.18257307E+04
5.73470000E-02 1.16584553E+04
5.81720000E-02 1.14919752E+04
5.90090000E-02 1.13263480E+04
5.98580000E-02 1.11616296E+04
6.07200000E-02 1.09976855E+04
6.15930000E-02 1.08349479E+04
6.24800000E-02 1.06729131E+04
6.33790000E-02 1.05120052E+04
6.42900000E-02 1.03522701E+04
6.52150000E-02 1.01934116E+04
6.61540000E-02 1.00354927E+04
6.71060000E-02 9.87873678E+03
6.80710000E-02 9.72319147E+03
6.90510000E-02 9.56858994E+03
7.00440000E-02 9.41530082E+03
7.10520000E-02 9.26306587E+03
7.20740000E-02 9.11208909E+03
7.31110000E-02 8.96227305E+03
7.41630000E-02 8.81367024E+03
7.52300000E-02 8.66633038E+03
7.63130000E-02 8.52016705E+03
7.74110000E-02 8.37536403E+03
7.85240000E-02 8.23196277E+03
7.96540000E-02 8.08975329E+03
8.08000000E-02 7.94891072E+03
8.19630000E-02 7.80935839E+03
8.31420000E-02 7.67125962E+03
8.43390000E-02 7.53442470E+03
8.55520000E-02 7.39912388E+03
8.67830000E-02 7.26517266E+03
8.80320000E-02 7.13261481E+03
8.92980000E-02 7.00159316E+03
9.05830000E-02 6.87193832E+03
9.18860000E-02 6.74378969E+03
9.32090000E-02 6.61698969E+03
9.45500000E-02 6.49176607E+03
9.59100000E-02 6.36805478E+03
9.72900000E-02 6.24579845E+03
9.86900000E-02 6.12503114E+03
1.00110000E-01 6.00578384E+03
1.01550000E-01 5.88808451E+03
1.03010000E-01 5.77195823E+03
1.04490000E-01 5.65742722E+03
1.06000000E-01 5.54376865E+03
1.07520000E-01 5.43250446E+03
1.09070000E-01 5.32218397E+03
1.10640000E-01 5.21356006E+03
1.12230000E-01 5.10664091E+03
1.13850000E-01 5.00078842E+03
1.15480000E-01 4.89731291E+03
1.17140000E-01 4.79494556E+03
1.18830000E-01 4.69373886E+03
1.20540000E-01 4.59431401E+03
1.22270000E-01 4.49666474E+03
1.24030000E-01 4.40024344E+03
1.25820000E-01 4.30508875E+03
1.27630000E-01 4.21174348E+03
1.29470000E-01 4.11970039E+03
1.31330000E-01 4.02946611E+03
1.33220000E-01 3.94055934E+03
1.35130000E-01 3.85345251E+03
1.37080000E-01 3.76725405E+03
1.39050000E-01 3.68286618E+03
1.41050000E-01 3.59985545E+03
1.43080000E-01 3.51823465E+03
1.45140000E-01 3.43801401E+03
1.47230000E-01 3.35920128E+03
1.49350000E-01 3.28180187E+03
1.51500000E-01 3.20581898E+03
1.53670000E-01 3.13159018E+03
1.55890000E-01 3.05810509E+03
1.58130000E-01 2.98637045E+03
1.60400000E-01 2.91604527E+03
1.62710000E-01 2.84682873E+03
1.65050000E-01 2.77902729E+03
1.67430000E-01 2.71235557E+03
1.69840000E-01 2.64709613E+03
1.72280000E-01 2.58323571E+03
1.74760000E-01 2.52051133E+03
1.77270000E-01 2.45917307E+03
1.79820000E-01 2.39897188E+03
1.82410000E-01 2.33991371E+03
1.85040000E-01 2.28200234E+03
1.87700000E-01 2.22544847E+03
1.90400000E-01 2.17002855E+03
1.93140000E-01 2.11574136E+03
1.95920000E-01 2.06258395E+03
1.98740000E-01 2.01055185E+03
2.01600000E-01 1.95963911E+03
2.04500000E-01 1.90983843E+03
2.07440000E-01 1.86114128E+03
2.10420000E-01 1.81353799E+03
2.13450000E-01 1.76686657E+03
2.16520000E-01 1.72127744E+03
2.19640000E-01 1.67661698E+03
2.22800000E-01 1.63302201E+03
2.26000000E-01 1.59047747E+03
2.29260000E-01 1.54871619E+03
2.32550000E-01 1.50811300E+03
2.35900000E-01 1.46828690E+03
2.39290000E-01 1.42947095E+03
2.42740000E-01 1.39143000E+03
2.46230000E-01 1.35437758E+03
2.49770000E-01 1.31819343E+03
2.53370000E-01 1.28277217E+03
2.57010000E-01 1.24830084E+03
2.60710000E-01 1.21457934E+03
2.64460000E-01 1.18169271E+03
2.68270000E-01 1.14954616E+03
2.72130000E-01 1.11821613E+03
2.76040000E-01 1.08768925E+03
2.80010000E-01 1.05787810E+03
2.84040000E-01 1.02877706E+03
2.88130000E-01 1.00037959E+03
2.92280000E-01 9.72678402E+02
2.96480000E-01 9.45728337E+02
3.00750000E-01 9.19392432E+02
3.05070000E-01 8.93784945E+02
3.09460000E-01 8.68777570E+02
3.13920000E-01 8.44366840E+02
3.18430000E-01 8.20651469E+02
3.23010000E-01 7.97515076E+02
3.27660000E-01 7.74952188E+02
3.32380000E-01 7.52956646E+02
3.37160000E-01 7.31565522E+02
3.42010000E-01 7.10724135E+02
3.46930000E-01 6.90424847E+02
3.51920000E-01 6.70659574E+02
3.56990000E-01 6.51382586E+02
3.62120000E-01 6.32661058E+02
3.67330000E-01 6.14412754E+02
3.72620000E-01 5.96632460E+02
3.77980000E-01 5.79346025E+02
3.83420000E-01 5.62513077E+02
3.88930000E-01 5.46156200E+02
3.94530000E-01 5.30209194E+02
4.00210000E-01 5.14695167E+02
4.05970000E-01 4.99606633E+02
4.11810000E-01 4.84935860E+02
4.17730000E-01 4.70674906E+02
4.23740000E-01 4.56793043E+02
4.29840000E-01 4.43284819E+02
4.36020000E-01 4.30165237E+02
4.42300000E-01 4.17385795E+02
4.48660000E-01 4.04980948E+02
4.55120000E-01 3.92905176E+02
4.61660000E-01 3.81189221E+02
4.68310000E-01 3.69773606E+02
4.75050000E-01 3.58687853E+02
4.81880000E-01 3.47924795E+02
4.88810000E-01 3.37462422E+02
4.95850000E-01 3.27281174E+02
5.02980000E-01 3.17404371E+02
5.10220000E-01 3.07798529E+02
5.17560000E-01 2.98471887E+02
5.25010000E-01 2.89406532E+02
5.32560000E-01 2.80609311E+02
5.40220000E-01 2.72063123E+02
5.48000000E-01 2.63752704E+02
5.55880000E-01 2.55694466E+02
5.63880000E-01 2.47862879E+02
5.71990000E-01 2.40263225E+02
5.80220000E-01 2.32881504E+02
5.88570000E-01 2.25713581E+02
5.97040000E-01 2.18755206E+02
6.05630000E-01 2.12002032E+02
6.14340000E-01 2.05449635E+02
6.23180000E-01 1.99086495E+02
6.32150000E-01 1.92909002E+02
6.41240000E-01 1.86919888E+02
6.50470000E-01 1.81102187E+02
6.59830000E-01 1.75458770E+02
6.69320000E-01 1.69985719E+02
6.78950000E-01 1.64673688E+02
6.88720000E-01 1.59519404E+02
6.98630000E-01 1.54519524E+02
7.08680000E-01 1.49670650E+02
7.18880000E-01 1.44964830E+02
7.29220000E-01 1.40403499E+02
7.39720000E-01 1.35974895E+02
7.50360000E-01 1.31684472E+02
7.61160000E-01 1.27521127E+02
7.72110000E-01 1.23485912E+02
7.83220000E-01 1.19572290E+02
7.94490000E-01 1.15777616E+02
8.05920000E-01 1.12099205E+02
8.17510000E-01 1.08534341E+02
8.29280000E-01 1.05074544E+02
8.41210000E-01 1.01723327E+02
8.53310000E-01 9.84752858E+01
8.65590000E-01 9.53254904E+01
8.78040000E-01 9.22742318E+01
8.90680000E-01 8.93144693E+01
9.03490000E-01 8.64487250E+01
9.16490000E-01 8.36703360E+01
9.29680000E-01 8.09773910E+01
9.43050000E-01 7.83698540E+01
9.56620000E-01 7.58418628E+01
9.70390000E-01 7.33916942E+01
9.84350000E-01 7.10192548E+01
9.98510000E-01 6.87209579E+01
1.01290000E+00 6.64904764E+01
1.02750000E+00 6.43295251E+01
1.04220000E+00 6.22516679E+01
1.05720000E+00 6.02268270E+01
1.07240000E+00 5.82676434E+01
1.08790000E+00 5.63602810E+01
1.10350000E+00 5.45275348E+01
1.11940000E+00 5.27440766E+01
1.13550000E+00 5.10201045E+01
1.15180000E+00 4.93538222E+01
1.16840000E+00 4.77339295E+01
1.18520000E+00 4.61690933E+01
1.20230000E+00 4.46488698E+01
1.21960000E+00 4.31810155E+01
1.23710000E+00 4.17637965E+01
1.25490000E+00 4.03879716E+01
1.27300000E+00 3.90529278E+01
1.29130000E+00 3.77648786E+01
1.30990000E+00 3.65156141E+01
1.32870000E+00 3.53106958E+01
1.34790000E+00 3.41365843E+01
1.36720000E+00 3.30104785E+01
1.38690000E+00 3.19137129E+01
1.40690000E+00 3.08514948E+01
1.42710000E+00 2.98279905E+01
1.44760000E+00 2.88370009E+01
1.46850000E+00 2.78732495E+01
1.48960000E+00 2.69451709E+01
1.51100000E+00 2.60472599E+01
1.53280000E+00 2.51748217E+01
1.55480000E+00 2.43350679E+01
1.57720000E+00 2.35195629E+01
1.59990000E+00 2.27314131E+01
1.62290000E+00 2.19698240E+01
1.64630000E+00 2.12309270E+01
1.67000000E+00 2.05173171E+01
1.69400000E+00 1.98282116E+01
1.71840000E+00 1.91601683E+01
1.74310000E+00 1.85153547E+01
1.76820000E+00 1.78905844E+01
1.79360000E+00 1.72877745E+01
1.81940000E+00 1.67039781E+01
1.84560000E+00 1.61387848E+01
1.87210000E+00 1.55937822E+01
1.89910000E+00 1.50644328E+01
1.92640000E+00 1.45542340E+01
1.95410000E+00 1.40607531E+01
1.98220000E+00 1.35835622E+01
2.01080000E+00 1.31206523E+01
2.03970000E+00 1.26748287E+01
2.06900000E+00 1.22440063E+01
2.09880000E+00 1.18263920E+01
2.12900000E+00 1.14230606E+01
2.15960000E+00 1.10335859E+01
2.19070000E+00 1.06563631E+01
2.22220000E+00 1.02922732E+01
2.25420000E+00 9.93982558E+00
2.28660000E+00 9.59978909E+00
2.31950000E+00 9.27078096E+00
2.35290000E+00 8.95254170E+00
2.38680000E+00 8.64480807E+00
2.42110000E+00 8.34815836E+00
2.45590000E+00 8.06140126E+00
2.49130000E+00 7.78350826E+00
2.52710000E+00 7.51578562E+00
2.56350000E+00 7.25647228E+00
2.60040000E+00 7.00606936E+00
2.63780000E+00 6.76431415E+00
2.67570000E+00 6.53094684E+00
2.71420000E+00 6.30513863E+00
2.75330000E+00 6.08671847E+00
2.79290000E+00 5.87603102E+00
2.83310000E+00 5.67233039E+00
2.87390000E+00 5.47544105E+00
2.91520000E+00 5.28563460E+00
2.95720000E+00 5.10181519E+00
2.99970000E+00 4.92468285E+00
3.04290000E+00 4.75322767E+00
3.08660000E+00 4.58806937E+00
3.13110000E+00 4.42792688E+00
3.17610000E+00 4.27373361E+00
3.22180000E+00 4.12463163E+00
3.26820000E+00 3.98049830E+00
3.31520000E+00 3.84149789E+00
3.36290000E+00 3.70718875E+00
3.41130000E+00 3.57744686E+00
3.46030000E+00 3.45239688E+00
3.51010000E+00 3.33140469E+00
3.56060000E+00 3.21460815E+00
3.61190000E+00 3.10166957E+00
3.66380000E+00 2.99290710E+00
3.71660000E+00 2.88758552E+00
3.77000000E+00 2.78619796E+00
3.82430000E+00 2.68806907E+00
3.87930000E+00 2.59346917E+00
3.93510000E+00 2.50212202E+00
3.99170000E+00 2.41393664E+00
4.04920000E+00 2.32867774E+00
4.10740000E+00 2.24655154E+00
4.16650000E+00 2.16718578E+00
4.22650000E+00 2.09051119E+00
4.28730000E+00 2.01657643E+00
4.34900000E+00 1.94518107E+00
4.41160000E+00 1.87625546E+00
4.47500000E+00 1.80983224E+00
4.53940000E+00 1.74563274E+00
4.60470000E+00 1.68369551E+00
4.67100000E+00 1.62386430E+00
4.73820000E+00 1.56616820E+00
4.80640000E+00 1.51046035E+00
4.87550000E+00 1.45676202E+00
4.94570000E+00 1.40486345E+00
5.01680000E+00 1.35485857E+00
5.08900000E+00 1.30655288E+00
5.16220000E+00 1.25996496E+00
5.23650000E+00 1.21498287E+00
5.31190000E+00 1.17156301E+00
5.38830000E+00 1.12971516E+00
5.46580000E+00 1.08933714E+00
5.54450000E+00 1.05033767E+00
5.62420000E+00 1.01277314E+00
5.70520000E+00 9.76463076E-01
5.78720000E+00 9.41503318E-01
5.87050000E+00 9.07727371E-01
5.95500000E+00 8.75143670E-01
6.04070000E+00 8.43717112E-01
6.12760000E+00 8.13412864E-01
6.21570000E+00 7.84196442E-01
6.30520000E+00 7.55972287E-01
6.39590000E+00 7.28774363E-01
6.48790000E+00 7.02541391E-01
6.58130000E+00 6.77218172E-01
6.67600000E+00 6.52805231E-01
6.77200000E+00 6.29274185E-01
6.86940000E+00 6.06574312E-01
6.96830000E+00 5.84659795E-01
7.06860000E+00 5.63530305E-01
7.17020000E+00 5.43181355E-01
7.27340000E+00 5.23530620E-01
7.37810000E+00 5.04577960E-01
7.48420000E+00 4.86319564E-01
7.59190000E+00 4.68700606E-01
7.70120000E+00 4.51703325E-01
7.81200000E+00 4.35324374E-01
7.92440000E+00 4.19530214E-01
8.03840000E+00 4.04303359E-01
8.15400000E+00 3.89626471E-01
8.27140000E+00 3.75458871E-01
8.39040000E+00 3.61809490E-01
8.51110000E+00 3.48650856E-01
8.63350000E+00 3.35967993E-01
8.75780000E+00 3.23726884E-01
8.88380000E+00 3.11934005E-01
9.01160000E+00 3.00566131E-01
9.14130000E+00 2.89602006E-01
9.27280000E+00 2.79037812E-01
9.40620000E+00 2.68853338E-01
9.54150000E+00 2.59037116E-01
9.67880000E+00 2.49571064E-01
9.81810000E+00 2.40444950E-01
9.95940000E+00 2.31648597E-01
1.01030000E+01 2.23154612E-01
