# k P_{11} P_{nw} P_{m,LO}, P_{m,NLO}
9.920099999999999838e-04 3.815199999999999818e+03 3.813052062850885704e+03 3.815199936672734111e+03 3.815123399638377123e+03
1.006299999999999903e-03 3.866000000000000000e+03 3.863988537340722360e+03 3.865999938975559871e+03 3.865920136440639453e+03
1.020800000000000093e-03 3.917500000000000000e+03 3.915581875250352368e+03 3.917499940118197628e+03 3.917416735070824416e+03
1.035499999999999962e-03 3.969699999999999818e+03 3.967792795550815299e+03 3.969699938731964721e+03 3.969613192247555162e+03
1.050399999999999945e-03 4.022500000000000000e+03 4.020617632436441909e+03 4.022499937777114155e+03 4.022409500561791901e+03
1.065500000000000041e-03 4.075900000000000091e+03 4.074052704766727857e+03 4.075899937168228917e+03 4.075805654959043750e+03
1.080800000000000033e-03 4.130100000000000364e+03 4.128094258777965479e+03 4.130099929805765896e+03 4.130001654703052736e+03
1.096299999999999922e-03 4.184800000000000182e+03 4.182738515959656979e+03 4.184799925770855225e+03 4.184697490762466259e+03
1.112099999999999981e-03 4.240300000000000182e+03 4.238333171997473073e+03 4.240299927123167436e+03 4.240193129498752569e+03
1.128099999999999936e-03 4.296500000000000000e+03 4.294521455409525515e+03 4.296499924564420326e+03 4.296388596153461549e+03
1.144400000000000061e-03 4.353300000000000182e+03 4.351649552553307331e+03 4.353299935242161155e+03 4.353183845681858656e+03
1.160800000000000026e-03 4.410899999999999636e+03 4.409012521640686828e+03 4.410899923804120590e+03 4.410778946228576388e+03
1.177499999999999944e-03 4.469100000000000364e+03 4.467305873846778013e+03 4.469099925473751682e+03 4.468973813040853202e+03
1.194500000000000032e-03 4.528100000000000364e+03 4.526523367980449621e+03 4.528099932603578964e+03 4.527968440576742069e+03
1.211599999999999960e-03 4.587800000000000182e+03 4.585964186957337006e+03 4.587799919261458854e+03 4.587662898689862232e+03
1.229099999999999897e-03 4.648199999999999818e+03 4.646665852046890905e+03 4.648199930565498107e+03 4.648057060442428337e+03
1.246799999999999948e-03 4.709300000000000182e+03 4.707928146843181821e+03 4.709299936109752707e+03 4.709150998764042924e+03
1.264699999999999895e-03 4.771199999999999818e+03 4.769746766344688695e+03 4.771199930362438863e+03 4.771044709552740642e+03
1.282900000000000013e-03 4.833899999999999636e+03 4.832461571443426692e+03 4.833899929073802923e+03 4.833738140692945308e+03
1.301400000000000083e-03 4.897199999999999818e+03 4.896065820741001517e+03 4.897199942451267816e+03 4.897031275662262487e+03
1.320100000000000049e-03 4.961399999999999636e+03 4.960210069324504730e+03 4.961399937874848547e+03 4.961224157214825027e+03
1.339099999999999969e-03 5.026300000000000182e+03 5.025231619169763690e+03 5.026299942603698582e+03 5.026116723276772063e+03
1.358300000000000002e-03 5.092000000000000000e+03 5.090782470541163093e+03 5.091999932701970465e+03 5.091809014824476435e+03
1.377900000000000045e-03 5.158500000000000000e+03 5.157538375849568183e+03 5.158499945301945445e+03 5.158300921900570756e+03
1.397699999999999984e-03 5.225800000000000182e+03 5.224810986121384303e+03 5.225799942115660997e+03 5.225592534848371542e+03
1.417800000000000093e-03 5.293800000000000182e+03 5.292934049222260001e+03 5.293799947850092394e+03 5.293583788861750691e+03
1.438199999999999939e-03 5.362699999999999818e+03 5.361900224525727936e+03 5.362699950439387067e+03 5.362474676847884439e+03
1.458899999999999954e-03 5.432399999999999636e+03 5.431702072385680367e+03 5.432399955496818620e+03 5.432165181640983064e+03
1.479899999999999922e-03 5.502800000000000182e+03 5.502332058983846764e+03 5.502799969296698691e+03 5.502555285013285356e+03
1.501200000000000060e-03 5.574199999999999818e+03 5.573782550066563090e+03 5.574199971815501158e+03 5.573944981964750696e+03
1.522799999999999935e-03 5.646300000000000182e+03 5.646045837490672966e+03 5.646299982342647127e+03 5.646034248853081408e+03
1.544699999999999979e-03 5.719300000000000182e+03 5.719114089117150797e+03 5.719299986710120720e+03 5.719023079443993083e+03
1.566899999999999977e-03 5.793100000000000364e+03 5.792979411098094715e+03 5.793099991130127819e+03 5.792811457296253138e+03
1.589499999999999984e-03 5.867800000000000182e+03 5.867965128631779407e+03 5.867800012498862088e+03 5.867499304888659935e+03
1.612399999999999944e-03 5.943300000000000182e+03 5.943729929056758920e+03 5.943300033486436405e+03 5.942986665510148669e+03
1.635600000000000075e-03 6.019699999999999818e+03 6.020265597099516526e+03 6.019700045330179819e+03 6.019373524662314594e+03
1.659099999999999941e-03 6.096899999999999636e+03 6.097563841742616205e+03 6.096900054743838155e+03 6.096559859576802410e+03
1.683000000000000034e-03 6.175000000000000000e+03 6.175943728210857444e+03 6.175000080082977547e+03 6.174645582050886333e+03
1.707200000000000080e-03 6.254100000000000364e+03 6.255067333485594645e+03 6.254100084463590065e+03 6.253730750339646875e+03
1.731700000000000080e-03 6.334000000000000000e+03 6.334926066492883365e+03 6.334000083197724052e+03 6.333615339925428088e+03
1.756699999999999928e-03 6.414699999999999818e+03 6.416160099611674013e+03 6.414700134989840080e+03 6.414299172947895386e+03
1.781900000000000107e-03 6.496399999999999636e+03 6.497784304718039493e+03 6.496400131680409686e+03 6.495982474349691984e+03
1.807599999999999919e-03 6.579000000000000000e+03 6.580759932482890690e+03 6.579000172275249497e+03 6.578564972083490829e+03
1.833599999999999900e-03 6.662500000000000000e+03 6.664429107278824631e+03 6.662500194306432604e+03 6.662046806373413347e+03
1.860000000000000108e-03 6.746899999999999636e+03 6.749102939160441565e+03 6.746900228322838302e+03 6.746427868981405481e+03
1.886700000000000052e-03 6.832300000000000182e+03 6.834449874538480799e+03 6.832300229265722919e+03 6.831808231386240550e+03
1.913900000000000063e-03 6.918600000000000364e+03 6.921096648336998442e+03 6.918600273977879624e+03 6.918087681992615217e+03
1.941400000000000027e-03 7.005800000000000182e+03 7.008393440241916323e+03 7.005800292836526751e+03 7.005266377643160013e+03
1.969299999999999783e-03 7.093899999999999636e+03 7.096646515632552109e+03 7.093900319097996544e+03 7.093344196486378678e+03
1.997699999999999823e-03 7.183000000000000000e+03 7.186157491774690243e+03 7.183000377502885385e+03 7.182421012135353521e+03
2.026399999999999816e-03 7.273000000000000000e+03 7.276282872869162020e+03 7.273000403851011470e+03 7.272396988768549818e+03
2.055599999999999875e-03 7.364000000000000000e+03 7.367637420991104591e+03 7.364000460454549284e+03 7.363371897935806373e+03
2.085099999999999888e-03 7.455899999999999636e+03 7.459581997937592860e+03 7.455900479570547759e+03 7.455245913530580765e+03
2.115099999999999966e-03 7.548800000000000182e+03 7.552726390152683052e+03 7.548800526222761619e+03 7.548118792447380656e+03
2.145600000000000111e-03 7.642699999999999818e+03 7.647053279554500477e+03 7.642700600381911499e+03 7.641990489694544522e+03
2.176500000000000049e-03 7.737600000000000364e+03 7.742237702203869958e+03 7.737600658162075888e+03 7.736861077072021544e+03
2.207800000000000214e-03 7.833399999999999636e+03 7.838265660546445361e+03 7.833400710514630191e+03 7.832630512325674317e+03
2.239500000000000171e-03 7.930199999999999818e+03 7.935123024741640620e+03 7.930200739681905361e+03 7.929398771269038662e+03
2.271800000000000035e-03 8.027899999999999636e+03 8.033402815155443022e+03 8.027900850814748992e+03 8.027065562779828724e+03
2.304399999999999851e-03 8.126699999999999818e+03 8.132175903222335364e+03 8.126700871124887271e+03 8.125831243270656159e+03
2.337600000000000008e-03 8.226399999999999636e+03 8.232334755806352405e+03 8.226400971518718507e+03 8.225495368171850714e+03
2.371199999999999957e-03 8.327200000000000728e+03 8.333257394734688205e+03 8.327201020302947654e+03 8.326258163307917130e+03
2.405399999999999813e-03 8.428899999999999636e+03 8.435525753590411114e+03 8.428901148459603064e+03 8.427919282223214395e+03
2.439999999999999895e-03 8.531700000000000728e+03 8.538522792138528530e+03 8.531701216876577746e+03 8.530678962049367328e+03
2.475100000000000043e-03 8.635399999999999636e+03 8.642529057797602945e+03 8.635401308341906770e+03 8.634336996081634425e+03
2.510699999999999824e-03 8.740100000000000364e+03 8.747525230718323655e+03 8.740101402174484974e+03 8.738993346730807389e+03
2.546800000000000105e-03 8.845799999999999272e+03 8.853491815309756930e+03 8.845801494582194209e+03 8.844647969459467276e+03
2.583400000000000019e-03 8.952600000000000364e+03 8.960409152096328398e+03 8.952601561303181370e+03 8.951400825523156527e+03
2.620599999999999839e-03 9.060299999999999272e+03 9.068547387139529746e+03 9.060301696745271329e+03 9.059051675968043128e+03
2.658300000000000159e-03 9.169100000000000364e+03 9.177593663643858235e+03 9.169101798044930547e+03 9.167800634255912883e+03
2.696599999999999952e-03 9.278799999999999272e+03 9.287814850917902731e+03 9.278801963757123303e+03 9.277447445331203198e+03
2.735399999999999811e-03 9.389600000000000364e+03 9.398900614620899432e+03 9.389602084721895153e+03 9.388192234756372272e+03
2.774700000000000170e-03 9.501399999999999636e+03 9.510830453878679691e+03 9.501402174993923836e+03 9.499934937215459286e+03
2.814699999999999841e-03 9.614200000000000728e+03 9.624148805976674339e+03 9.614202361169243886e+03 9.612675128820570535e+03
2.855200000000000012e-03 9.728000000000000000e+03 9.738263704685328776e+03 9.728002506499680749e+03 9.726413100205112642e+03
2.896199999999999816e-03 9.842799999999999272e+03 9.853154193436821515e+03 9.842802601730298193e+03 9.841148782361609847e+03
2.937899999999999800e-03 9.958600000000000364e+03 9.969354950920856936e+03 9.958602780800101755e+03 9.956881703719804136e+03
2.980200000000000123e-03 1.007500000000000000e+04 1.008655901437691136e+04 1.007500307536958826e+04 1.007321191028915018e+04
3.023099999999999919e-03 1.019300000000000000e+04 1.020474021788876962e+04 1.019300321414303107e+04 1.019113944695449027e+04
3.066600000000000055e-03 1.031200000000000000e+04 1.032387223387134509e+04 1.031200334448304056e+04 1.031006415498709612e+04
3.110700000000000097e-03 1.043200000000000000e+04 1.044392855420895830e+04 1.043200345767832005e+04 1.042998595602398018e+04
3.155400000000000045e-03 1.055300000000000000e+04 1.056488251568048327e+04 1.055300354401814002e+04 1.055090477208099401e+04
3.200800000000000173e-03 1.067400000000000000e+04 1.068697539963867166e+04 1.067400398212272194e+04 1.067182014156568221e+04
3.246900000000000047e-03 1.079700000000000000e+04 1.081017518154594472e+04 1.079700416072795997e+04 1.079473226619233355e+04
3.293599999999999826e-03 1.092100000000000000e+04 1.093418492727955709e+04 1.092100428442304474e+04 1.091864113491919124e+04
3.340999999999999786e-03 1.104600000000000000e+04 1.105924031161805942e+04 1.104600442712731819e+04 1.104354641178947531e+04
3.389099999999999925e-03 1.117100000000000000e+04 1.118530871144759840e+04 1.117100492309300898e+04 1.116844781483521365e+04
3.437799999999999970e-03 1.129800000000000000e+04 1.131209785380576795e+04 1.129800499092222708e+04 1.129534582417346246e+04
3.487300000000000035e-03 1.142600000000000000e+04 1.144009545088357117e+04 1.142600513478125868e+04 1.142323964524393523e+04
3.537499999999999846e-03 1.155400000000000000e+04 1.156900711468850386e+04 1.155400562538382110e+04 1.155112921913307400e+04
3.588399999999999836e-03 1.168400000000000000e+04 1.169879953061042033e+04 1.168400570833351048e+04 1.168101478342075279e+04
3.640000000000000006e-03 1.181400000000000000e+04 1.182943924603638879e+04 1.181400612753965652e+04 1.181089582643759240e+04
3.692400000000000196e-03 1.194500000000000000e+04 1.196114309133812276e+04 1.194500659263397574e+04 1.194177211565011385e+04
3.745500000000000131e-03 1.207800000000000000e+04 1.209362323356565321e+04 1.207800656512099704e+04 1.207464401975226610e+04
3.799400000000000086e-03 1.221100000000000000e+04 1.222709252205310258e+04 1.221100695830899895e+04 1.220751072414907867e+04
3.854100000000000061e-03 1.234500000000000000e+04 1.236151134737455322e+04 1.234500734641248891e+04 1.234137232070353821e+04
3.909499999999999781e-03 1.248000000000000000e+04 1.249659706220386397e+04 1.248000759832203767e+04 1.247622900383704473e+04
3.965800000000000228e-03 1.261600000000000000e+04 1.263279744200918685e+04 1.261600791308667249e+04 1.261207999338624722e+04
4.022799999999999987e-03 1.275300000000000000e+04 1.276958863242683765e+04 1.275300804091849750e+04 1.274892574230735772e+04
4.080699999999999605e-03 1.289000000000000000e+04 1.290741046310218917e+04 1.289000868389972675e+04 1.288576514291155399e+04
4.139399999999999677e-03 1.302900000000000000e+04 1.304598172015208729e+04 1.302900871542304230e+04 1.302459882104138524e+04
4.198999999999999608e-03 1.316800000000000000e+04 1.318549515543349844e+04 1.316800923928414704e+04 1.316342577093287036e+04
4.259399999999999992e-03 1.330800000000000000e+04 1.332567327523966196e+04 1.330800960371669316e+04 1.330324646879163993e+04
4.320700000000000235e-03 1.344900000000000000e+04 1.346670465424797658e+04 1.344900989960120751e+04 1.344406044125818516e+04
4.382800000000000064e-03 1.359100000000000000e+04 1.360831566344454586e+04 1.359100996233061596e+04 1.358586791509455907e+04
4.445900000000000026e-03 1.373300000000000000e+04 1.375091567890376245e+04 1.373301060638859417e+04 1.372766765500888505e+04
4.509899999999999846e-03 1.387600000000000000e+04 1.389422885565986689e+04 1.387601110463750956e+04 1.387046008927372350e+04
4.574800000000000394e-03 1.402000000000000000e+04 1.403820835499767600e+04 1.402001141358972745e+04 1.401424499420610300e+04
4.640599999999999933e-03 1.416500000000000000e+04 1.418280731829201613e+04 1.416501148550694597e+04 1.415902216138630865e+04
4.707300000000000199e-03 1.431000000000000000e+04 1.432797886304694839e+04 1.431001193178168614e+04 1.430379106996852170e+04
4.775100000000000004e-03 1.445600000000000000e+04 1.447410505008709151e+04 1.445601236402317772e+04 1.444955098977132911e+04
4.843799999999999668e-03 1.460200000000000000e+04 1.462070154593428197e+04 1.460201314137333247e+04 1.459530221949285806e+04
4.913500000000000333e-03 1.475000000000000000e+04 1.476793165374599266e+04 1.475001296548241044e+04 1.474304482252001981e+04
4.984200000000000262e-03 1.489800000000000000e+04 1.491574207656314866e+04 1.489801320010039126e+04 1.489077787720927336e+04
5.055900000000000324e-03 1.504600000000000000e+04 1.506407953820922194e+04 1.504601384080866956e+04 1.503850112073957825e+04
5.128599999999999652e-03 1.519500000000000000e+04 1.521289081054479539e+04 1.519501409288919058e+04 1.518721465444104797e+04
5.202400000000000253e-03 1.534400000000000000e+04 1.536232410137382067e+04 1.534401485243199568e+04 1.533591731490752500e+04
5.277300000000000393e-03 1.549400000000000000e+04 1.551231966276256753e+04 1.549401527929585609e+04 1.548560920055416318e+04
5.353199999999999799e-03 1.564500000000000000e+04 1.566262086149744573e+04 1.564501512206591178e+04 1.563629059090081500e+04
5.430199999999999610e-03 1.579600000000000000e+04 1.581336946794353207e+04 1.579601533803822349e+04 1.578696038596616563e+04
5.508400000000000102e-03 1.594700000000000000e+04 1.596469833745393771e+04 1.594701608160890100e+04 1.593761786342051164e+04
5.587599999999999859e-03 1.609900000000000000e+04 1.611616102046992091e+04 1.609901604479215348e+04 1.608926429843982805e+04
5.668000000000000295e-03 1.625100000000000000e+04 1.626808071564239071e+04 1.625101643237087228e+04 1.624089786143724814e+04
5.749599999999999676e-03 1.640300000000000000e+04 1.642039141276318696e+04 1.640301721624952188e+04 1.639251813063208465e+04
5.832300000000000331e-03 1.655600000000000000e+04 1.657284403854080301e+04 1.655601715726772818e+04 1.654512575629265848e+04
5.916199999999999931e-03 1.670900000000000000e+04 1.672556071377909029e+04 1.670901735723429010e+04 1.669771934249584592e+04
6.001300000000000211e-03 1.686200000000000000e+04 1.687847591437473238e+04 1.686201776844344204e+04 1.685029860945168184e+04
6.087699999999999709e-03 1.701600000000000000e+04 1.703170050676415121e+04 1.701601742298427052e+04 1.700386327664528653e+04
6.175299999999999886e-03 1.716900000000000000e+04 1.718498850285459412e+04 1.716901825657569862e+04 1.715641259854251985e+04
6.264099999999999877e-03 1.732300000000000000e+04 1.733827507079415955e+04 1.732301794687396978e+04 1.730994738843817322e+04
6.354300000000000226e-03 1.747700000000000000e+04 1.749183373674548420e+04 1.747701793357242059e+04 1.746346543902078702e+04
6.445700000000000388e-03 1.763000000000000000e+04 1.764525257430925194e+04 1.763001897389664009e+04 1.761596698313923480e+04
6.538399999999999768e-03 1.778400000000000000e+04 1.779863187165487034e+04 1.778401872872574313e+04 1.776945224343949667e+04
6.632500000000000374e-03 1.793800000000000000e+04 1.795206261713987988e+04 1.793801852157797111e+04 1.792291964432473833e+04
6.727900000000000200e-03 1.809100000000000000e+04 1.810530760699443636e+04 1.809101938987821268e+04 1.807536889850845182e+04
6.824700000000000384e-03 1.824500000000000000e+04 1.825845363225466645e+04 1.824501876061944131e+04 1.822880032795277657e+04
6.922900000000000061e-03 1.839800000000000000e+04 1.841142357609409009e+04 1.839801926087690299e+04 1.838121215597847186e+04
7.022500000000000096e-03 1.855100000000000000e+04 1.856414065153108459e+04 1.855101940095330065e+04 1.853360463216975768e+04
7.123599999999999897e-03 1.870400000000000000e+04 1.871667812358931405e+04 1.870401926049326721e+04 1.868597667572233695e+04
7.226100000000000058e-03 1.885600000000000000e+04 1.886880540977559940e+04 1.885602001728730465e+04 1.883732802724046269e+04
7.329999999999999710e-03 1.900800000000000000e+04 1.902044692522592959e+04 1.900802001999665663e+04 1.898865931401471244e+04
7.435500000000000269e-03 1.916000000000000000e+04 1.917181199754909903e+04 1.916001954913488589e+04 1.913996881779758041e+04
7.542499999999999725e-03 1.930900000000000000e+04 1.932267129492075401e+04 1.930902328164728533e+04 1.928825435933527115e+04
7.650999999999999815e-03 1.946000000000000000e+04 1.947294311875740095e+04 1.946002267973803828e+04 1.943851948294512113e+04
7.761099999999999943e-03 1.961000000000000000e+04 1.962268099927575531e+04 1.961002286397276475e+04 1.958776018943073359e+04
7.872799999999999243e-03 1.975900000000000000e+04 1.977179668754053637e+04 1.975902374085216434e+04 1.973597587608091635e+04
7.986000000000000043e-03 1.990800000000000000e+04 1.992007269301712950e+04 1.990802304577906034e+04 1.988416798816896335e+04
8.101000000000000562e-03 2.005600000000000000e+04 2.006781093261890055e+04 2.005602319946923672e+04 2.003133293757601132e+04
8.217500000000000845e-03 2.020300000000000000e+04 2.021453547382306351e+04 2.020302331412348212e+04 2.017747308344434714e+04
8.335699999999999707e-03 2.034900000000000000e+04 2.036041199411940033e+04 2.034902373215605621e+04 2.032258636587332512e+04
8.455700000000000022e-03 2.049400000000000000e+04 2.050546685101818366e+04 2.049402453701352715e+04 2.046667135117178259e+04
8.577299999999999508e-03 2.063800000000000000e+04 2.064936556701464724e+04 2.063802502402916070e+04 2.060972925236804804e+04
8.700799999999999854e-03 2.078200000000000000e+04 2.079236718652383206e+04 2.078202348715084372e+04 2.075275803338523110e+04
8.825899999999999371e-03 2.092400000000000000e+04 2.093402894234853375e+04 2.092402337813884151e+04 2.089375796356772480e+04
8.952899999999999747e-03 2.106400000000000000e+04 2.107459573840665689e+04 2.106402541445524912e+04 2.103272602636449301e+04
9.081799999999999248e-03 2.120400000000000000e+04 2.121396184697881836e+04 2.120402458616128206e+04 2.117166438470976573e+04
9.212400000000000796e-03 2.134200000000000000e+04 2.135181357927490535e+04 2.134202492094253830e+04 2.130857231319055063e+04
9.344999999999999141e-03 2.147900000000000000e+04 2.148836692658037282e+04 2.147902447547793781e+04 2.144444777118079946e+04
9.479400000000000673e-03 2.161400000000000000e+04 2.162331201387671172e+04 2.161402503596378665e+04 2.157829099523527111e+04
9.615800000000000736e-03 2.174800000000000000e+04 2.175674639341964576e+04 2.174802419590753561e+04 2.171110088415899008e+04
9.754199999999999329e-03 2.187900000000000000e+04 2.188855970908642848e+04 2.187902721150863727e+04 2.184087428920583625e+04
9.894500000000000517e-03 2.201000000000000000e+04 2.201855090174779616e+04 2.201002504415181465e+04 2.197061615978702321e+04
1.003700000000000078e-02 2.213800000000000000e+04 2.214688502386616165e+04 2.213802677655395019e+04 2.209731898803150034e+04
1.018100000000000081e-02 2.226500000000000000e+04 2.227283500260757864e+04 2.226502429345734345e+04 2.222299300078660963e+04
1.032800000000000037e-02 2.238900000000000000e+04 2.239758575770000971e+04 2.238902739433668467e+04 2.234561923025063879e+04
1.047599999999999920e-02 2.251200000000000000e+04 2.251933309325628943e+04 2.251202407176138149e+04 2.246722201351185140e+04
1.062699999999999929e-02 2.263200000000000000e+04 2.263961624673110418e+04 2.263202572594451703e+04 2.258577647664787946e+04
1.077999999999999965e-02 2.275000000000000000e+04 2.275749417627499133e+04 2.275002604648317720e+04 2.270229479364981671e+04
1.093500000000000028e-02 2.286600000000000000e+04 2.287286247777588142e+04 2.286602454055092676e+04 2.281677691024333035e+04
1.109199999999999943e-02 2.297900000000000000e+04 2.298561754817133260e+04 2.297902434782271303e+04 2.292822100305125423e+04
1.125199999999999985e-02 2.309000000000000000e+04 2.309633571739377658e+04 2.309002398696481032e+04 2.303761743103879417e+04
1.141400000000000053e-02 2.319900000000000000e+04 2.320418398514977162e+04 2.319902019461908640e+04 2.314497737766081991e+04
1.157799999999999975e-02 2.330400000000000000e+04 2.330906172868403883e+04 2.330402028792444253e+04 2.324829712294827186e+04
1.174500000000000023e-02 2.340700000000000000e+04 2.341146954923904195e+04 2.340701843385265238e+04 2.334956936704055988e+04
1.191399999999999924e-02 2.350700000000000000e+04 2.351065646327294598e+04 2.350701551660684345e+04 2.344780443813973397e+04
1.208500000000000026e-02 2.360400000000000000e+04 2.360652544032864171e+04 2.360401102615493437e+04 2.354300320786790326e+04
1.225900000000000080e-02 2.369800000000000000e+04 2.369950196349615726e+04 2.369800674738669477e+04 2.363515436496332404e+04
1.243499999999999987e-02 2.378900000000000000e+04 2.378891809667254711e+04 2.378899962144323945e+04 2.372426956105841600e+04
1.261400000000000021e-02 2.387400000000000000e+04 2.387514991517212184e+04 2.387400546865076103e+04 2.380732937591677546e+04
1.279600000000000008e-02 2.395900000000000000e+04 2.395802767883454726e+04 2.395899524186377312e+04 2.389034710314459880e+04
1.298000000000000022e-02 2.403900000000000000e+04 2.403696780995918743e+04 2.403898976797616342e+04 2.396832321866773782e+04
1.316699999999999988e-02 2.411700000000000000e+04 2.411227337069425994e+04 2.411697551267916424e+04 2.404425390358906589e+04
1.335599999999999982e-02 2.419000000000000000e+04 2.418341803032853204e+04 2.418996491736776443e+04 2.411514517903810702e+04
1.354799999999999928e-02 2.426000000000000000e+04 2.425065733669992187e+04 2.425994876450088850e+04 2.418299135806354388e+04
1.374300000000000001e-02 2.432600000000000000e+04 2.431383402192537687e+04 2.432593135238862669e+04 2.424679083489649929e+04
1.394100000000000027e-02 2.438800000000000000e+04 2.437279418703121701e+04 2.438791171698024846e+04 2.430654424411577202e+04
1.414200000000000006e-02 2.444600000000000000e+04 2.442738768410643024e+04 2.444588881016772575e+04 2.436225220754187467e+04
1.434500000000000011e-02 2.450000000000000000e+04 2.447723601584109201e+04 2.449986008805612801e+04 2.441392784742327422e+04
1.455200000000000070e-02 2.455000000000000000e+04 2.452268898626690498e+04 2.454982727717658054e+04 2.446154790029950163e+04
1.476099999999999982e-02 2.459500000000000000e+04 2.456317097941993052e+04 2.459479289930461528e+04 2.450413505412857558e+04
1.497300000000000020e-02 2.463600000000000000e+04 2.459878363773644014e+04 2.463575086351843856e+04 2.454268149533962060e+04
1.518899999999999938e-02 2.467300000000000000e+04 2.462953177733163102e+04 2.467270058492144017e+04 2.457717655229688899e+04
1.540700000000000056e-02 2.470500000000000000e+04 2.465501255850592133e+04 2.470464576036467770e+04 2.460664280265616253e+04
1.562900000000000053e-02 2.473200000000000000e+04 2.467534932508208658e+04 2.473158693083376056e+04 2.463105782224915674e+04
1.585400000000000004e-02 2.475400000000000000e+04 2.469030988300413446e+04 2.475352218581990019e+04 2.465043597537211463e+04
1.608199999999999907e-02 2.477200000000000000e+04 2.469980029504089180e+04 2.477144271480264797e+04 2.466578336687662886e+04
1.631300000000000111e-02 2.478400000000000000e+04 2.470373574366133835e+04 2.478336261299147372e+04 2.467509476044125040e+04
1.654800000000000021e-02 2.479200000000000000e+04 2.470202182365166300e+04 2.479126482388657678e+04 2.468036764883565047e+04
1.678599999999999884e-02 2.479400000000000000e+04 2.469456547205121751e+04 2.479316412124176713e+04 2.467960729691726374e+04
1.702800000000000147e-02 2.479100000000000000e+04 2.468124733487373669e+04 2.479005070578895175e+04 2.467380724843120333e+04
1.727300000000000016e-02 2.478300000000000000e+04 2.466204691939266195e+04 2.478192364294399886e+04 2.466298106339357764e+04
1.752099999999999838e-02 2.477100000000000000e+04 2.463693670936322815e+04 2.476977263005705026e+04 2.464813618674151803e+04
1.777300000000000060e-02 2.475200000000000000e+04 2.460576729177355810e+04 2.475062261274077173e+04 2.462625259817050028e+04
1.802899999999999989e-02 2.472800000000000000e+04 2.456847200814560711e+04 2.472645399568976427e+04 2.459934413785096331e+04
1.828799999999999870e-02 2.469700000000000000e+04 2.452517875969143279e+04 2.469528691580855957e+04 2.456541699110873014e+04
1.855199999999999905e-02 2.466200000000000000e+04 2.447552041098580594e+04 2.466008698207243651e+04 2.452746777673341421e+04
1.881800000000000139e-02 2.462000000000000000e+04 2.442007582940913198e+04 2.461789013853811048e+04 2.448251624528512548e+04
1.908899999999999833e-02 2.457300000000000000e+04 2.435825214392954513e+04 2.457066831333809387e+04 2.443254341293621110e+04
1.936399999999999927e-02 2.452000000000000000e+04 2.429026856425232472e+04 2.451743364399340498e+04 2.437655759719744310e+04
1.964300000000000074e-02 2.446100000000000000e+04 2.421616480006930578e+04 2.445818599315519532e+04 2.431456261553131117e+04
1.992499999999999827e-02 2.439600000000000000e+04 2.413629133209098654e+04 2.439292923689413146e+04 2.424657241137076562e+04
2.021200000000000080e-02 2.432500000000000000e+04 2.405015866363525129e+04 2.432165659452900218e+04 2.417257326384270345e+04
2.050300000000000039e-02 2.424800000000000000e+04 2.395813744414244138e+04 2.424437224092107135e+04 2.409257897431503807e+04
2.079800000000000051e-02 2.416600000000000000e+04 2.386034209391367040e+04 2.416206439791140292e+04 2.400759911062828178e+04
2.109700000000000117e-02 2.407700000000000000e+04 2.375690461795027659e+04 2.407275994100792741e+04 2.391562507586885476e+04
2.139999999999999888e-02 2.398200000000000000e+04 2.364797396717083029e+04 2.397744828183233767e+04 2.381766710971411158e+04
2.170800000000000160e-02 2.388100000000000000e+04 2.353333682345636043e+04 2.387612606601122025e+04 2.371372384627023348e+04
2.202099999999999891e-02 2.377500000000000000e+04 2.341313895923730524e+04 2.376978074648834081e+04 2.360480997041619412e+04
2.233800000000000022e-02 2.366200000000000000e+04 2.328794532892683128e+04 2.365644959226124047e+04 2.348892603768062327e+04
2.265899999999999859e-02 2.354300000000000000e+04 2.315796726759884041e+04 2.353712258129658221e+04 2.336708274766927570e+04
2.298499999999999849e-02 2.341800000000000000e+04 2.302300884719757596e+04 2.341179720638188519e+04 2.323927647055781199e+04
2.331599999999999992e-02 2.328800000000000000e+04 2.288327835866341411e+04 2.328146153158747984e+04 2.310651730466429217e+04
2.365099999999999841e-02 2.315100000000000000e+04 2.273942993564668723e+04 2.314416006106307032e+04 2.296679921328954151e+04
2.399099999999999844e-02 2.301000000000000000e+04 2.259127516562096571e+04 2.300284137245484453e+04 2.282314560010042624e+04
2.433700000000000099e-02 2.286200000000000000e+04 2.243860955614819250e+04 2.285455317731152172e+04 2.267253681412037986e+04
2.468700000000000061e-02 2.270900000000000000e+04 2.228256271331806784e+04 2.270128428123253980e+04 2.251700373853647397e+04
2.504199999999999829e-02 2.255000000000000000e+04 2.212294785940977454e+04 2.254205142982383040e+04 2.235553893558066920e+04
2.540200000000000097e-02 2.238600000000000000e+04 2.196002028426474499e+04 2.237784400291396014e+04 2.218915434205287602e+04
2.576799999999999924e-02 2.221700000000000000e+04 2.179358119383787562e+04 2.220866006927650596e+04 2.201785167952972552e+04
2.613899999999999904e-02 2.204300000000000000e+04 2.162434057968681009e+04 2.203451709080168803e+04 2.184163852332362512e+04
2.651500000000000037e-02 2.186400000000000000e+04 2.145255503495766607e+04 2.185542423891213912e+04 2.166052022074122215e+04
2.689599999999999977e-02 2.168000000000000000e+04 2.127847736113820793e+04 2.167139142694055408e+04 2.147450154884681251e+04
2.728300000000000169e-02 2.149100000000000000e+04 2.110189933798901984e+04 2.148241864145217551e+04 2.128358565619588626e+04
2.767599999999999921e-02 2.129800000000000000e+04 2.092306644846596464e+04 2.128949389391624209e+04 2.108878557951528637e+04
2.807400000000000173e-02 2.110100000000000000e+04 2.074267185093481385e+04 2.109263789590257147e+04 2.089010307886482769e+04
2.847799999999999984e-02 2.089900000000000000e+04 2.056049331580902799e+04 2.089087423555150599e+04 2.068653066481052520e+04
2.888800000000000048e-02 2.069400000000000000e+04 2.037675733847368610e+04 2.068616656656944178e+04 2.048009277431184455e+04
2.930299999999999919e-02 2.048500000000000000e+04 2.019212545072678040e+04 2.047756167791307234e+04 2.026977910911848085e+04
2.972500000000000142e-02 2.027300000000000000e+04 2.000591692647324453e+04 2.026602253099351583e+04 2.005660734628482896e+04
3.015200000000000172e-02 2.005700000000000000e+04 1.981921318245486327e+04 2.005061056794559408e+04 1.983956056115565298e+04
3.058599999999999861e-02 1.983900000000000000e+04 1.963132879785912155e+04 1.983326024738906926e+04 1.962066876186859372e+04
3.102600000000000149e-02 1.961800000000000000e+04 1.944288174693517431e+04 1.961302172376749149e+04 1.939891690168811328e+04
3.147300000000000098e-02 1.939400000000000000e+04 1.925361879515107648e+04 1.938989512079065753e+04 1.917430929390068923e+04
3.192600000000000299e-02 1.916900000000000000e+04 1.906412778953103043e+04 1.916584587669316898e+04 1.894886530954277987e+04
3.238499999999999712e-02 1.894100000000000000e+04 1.887455477212124242e+04 1.893894463112949234e+04 1.872055517563904868e+04
3.285099999999999826e-02 1.871200000000000000e+04 1.868462996638312688e+04 1.871112920891963950e+04 1.849140467736724531e+04
3.332399999999999946e-02 1.848200000000000000e+04 1.849449456671579173e+04 1.848240885977238941e+04 1.826140707357972133e+04
3.380299999999999971e-02 1.825100000000000000e+04 1.830467338516456221e+04 1.825280634374734655e+04 1.803054788141706740e+04
3.429000000000000103e-02 1.802000000000000000e+04 1.811449559750656772e+04 1.802327086769503512e+04 1.779984951110310067e+04
3.478300000000000142e-02 1.778800000000000000e+04 1.792485462507169723e+04 1.779287180350559720e+04 1.756827755333389723e+04
3.528300000000000186e-02 1.755700000000000000e+04 1.773546054913758417e+04 1.756353345532670210e+04 1.733786411473854969e+04
3.579100000000000337e-02 1.732500000000000000e+04 1.754603848367097089e+04 1.733332246230425517e+04 1.710658086194284624e+04
3.630599999999999800e-02 1.709500000000000000e+04 1.735705719925458106e+04 1.710514726937274099e+04 1.687745696183393375e+04
3.682799999999999963e-02 1.686500000000000000e+04 1.716859612537750218e+04 1.687708932564446877e+04 1.664844870526252271e+04
3.735800000000000232e-02 1.663700000000000000e+04 1.698037536345926856e+04 1.665106150839780094e+04 1.642158356685813851e+04
3.789599999999999913e-02 1.641000000000000000e+04 1.679247813811583183e+04 1.642610747139478553e+04 1.619583032484747855e+04
3.844100000000000295e-02 1.618600000000000000e+04 1.660532181114041305e+04 1.620415942617584551e+04 1.597319813984524808e+04
3.899400000000000088e-02 1.596300000000000000e+04 1.641862520361083807e+04 1.598329047096362956e+04 1.575164549468249425e+04
3.955499999999999988e-02 1.574300000000000000e+04 1.623245382172724385e+04 1.576541397278464137e+04 1.553319027657692459e+04
4.012399999999999994e-02 1.552600000000000000e+04 1.604686810159495872e+04 1.555052719747655283e+04 1.531781470934794379e+04
4.070200000000000207e-02 1.531200000000000000e+04 1.586160608040139778e+04 1.533861296713866977e+04 1.510551035611055522e+04
4.128699999999999731e-02 1.510200000000000000e+04 1.567736030590514929e+04 1.513064622504769250e+04 1.489725856610172377e+04
4.188100000000000156e-02 1.489500000000000000e+04 1.549354840555864757e+04 1.492564189297817393e+04 1.469204219018378899e+04
4.248400000000000093e-02 1.469200000000000000e+04 1.531023080451231908e+04 1.472454285474500830e+04 1.449086236357718190e+04
4.309500000000000136e-02 1.449300000000000000e+04 1.512776033434623605e+04 1.452735426718712188e+04 1.429368905700007417e+04
4.371499999999999692e-02 1.429900000000000000e+04 1.494588405786226758e+04 1.433499628588709857e+04 1.410153039131950936e+04
4.434400000000000147e-02 1.410900000000000000e+04 1.476465276570671085e+04 1.414651086226657208e+04 1.391334096105001481e+04
4.498200000000000115e-02 1.392300000000000000e+04 1.458411450118066932e+04 1.396188665208639759e+04 1.372909649022493977e+04
4.562900000000000289e-02 1.374300000000000000e+04 1.440431481030856958e+04 1.378299070004781061e+04 1.355082166480228807e+04
4.628600000000000075e-02 1.356700000000000000e+04 1.422502652287079036e+04 1.360790937358357951e+04 1.337646581808236624e+04
4.695200000000000068e-02 1.339600000000000000e+04 1.404657104482341310e+04 1.343757990099750714e+04 1.320703236324131285e+04
4.762799999999999673e-02 1.323000000000000000e+04 1.386872676476280139e+04 1.327196710629420522e+04 1.304252071220319158e+04
4.831300000000000178e-02 1.306900000000000000e+04 1.369180125706343824e+04 1.311106530763680712e+04 1.288291094820709259e+04
4.900800000000000295e-02 1.291300000000000000e+04 1.351557889029740363e+04 1.295483691136668858e+04 1.272819332811497225e+04
4.971300000000000024e-02 1.276100000000000000e+04 1.334010770631383821e+04 1.280232984247009881e+04 1.257731942623246687e+04
5.042800000000000060e-02 1.261500000000000000e+04 1.316543400789307998e+04 1.265537878269709654e+04 1.243231705994080949e+04
5.115399999999999808e-02 1.247300000000000000e+04 1.299136494861602296e+04 1.251208640169635146e+04 1.229112485675468452e+04
5.188999999999999863e-02 1.233600000000000000e+04 1.281819004637380203e+04 1.237337055852091908e+04 1.215475852118173134e+04
5.263700000000000323e-02 1.220400000000000000e+04 1.264572205324622701e+04 1.223918635614325831e+04 1.202323412837381693e+04
5.339399999999999702e-02 1.207600000000000000e+04 1.247423834262231867e+04 1.210860288863543428e+04 1.189553767060168320e+04
5.416200000000000181e-02 1.195100000000000000e+04 1.230355729031231749e+04 1.198066316890382950e+04 1.177066544273692853e+04
5.494099999999999678e-02 1.183000000000000000e+04 1.213372869462021845e+04 1.185626229565226640e+04 1.164966008890036937e+04
5.573199999999999682e-02 1.171300000000000000e+04 1.196458896909064970e+04 1.173535598314630079e+04 1.153253643988914882e+04
5.653400000000000092e-02 1.159800000000000000e+04 1.179640466535852465e+04 1.161611705841522962e+04 1.141724239479616881e+04
5.734700000000000214e-02 1.148600000000000000e+04 1.162922065751291848e+04 1.149943850196409039e+04 1.130482863235216064e+04
5.817200000000000149e-02 1.137600000000000000e+04 1.146288064571137147e+04 1.138437654889740588e+04 1.119430561305174160e+04
5.900899999999999895e-02 1.126800000000000000e+04 1.129743824070840856e+04 1.127091632088167171e+04 1.108572542147229069e+04
5.985800000000000148e-02 1.116100000000000000e+04 1.113294522536270961e+04 1.115814442767568107e+04 1.097811771534384025e+04
6.072000000000000314e-02 1.105400000000000000e+04 1.096926358145472659e+04 1.104513840943919058e+04 1.087051538543634524e+04
6.159300000000000191e-02 1.094800000000000000e+04 1.080682120011046027e+04 1.093283199220646384e+04 1.076400390233390499e+04
6.248000000000000081e-02 1.084100000000000000e+04 1.064511171448279856e+04 1.081937855929224861e+04 1.065658906266736631e+04
6.337900000000000478e-02 1.073300000000000000e+04 1.048455532231935467e+04 1.070482959895919521e+04 1.054833239014418359e+04
6.428999999999999992e-02 1.062400000000000000e+04 1.032519447365746237e+04 1.058919779383320019e+04 1.043931553544352028e+04
6.521499999999999519e-02 1.051300000000000000e+04 1.016673077017401556e+04 1.047157360216482994e+04 1.032860706985593788e+04
6.615400000000000447e-02 1.039900000000000000e+04 1.000922433165812981e+04 1.035110281603132353e+04 1.021527350753745122e+04
6.710599999999999898e-02 1.028200000000000000e+04 9.852895381885013194e+03 1.022784209199195902e+04 1.009940909214420390e+04
6.807100000000000650e-02 1.016100000000000000e+04 9.697788933351170272e+03 1.010095872871206120e+04 9.980071991092330791e+03
6.905100000000000127e-02 1.003600000000000000e+04 9.543636710578608472e+03 9.970458168336208473e+03 9.857367248881222622e+03
7.004399999999999515e-02 9.907399999999999636e+03 9.390804215615489738e+03 9.836783073126212912e+03 9.731789581026720043e+03
7.105200000000000404e-02 9.773500000000000000e+03 9.239032097491217428e+03 9.698478105263897305e+03 9.601688476001523668e+03
7.207399999999999918e-02 9.634500000000000000e+03 9.088522050073095670e+03 9.555810128033144792e+03 9.467358689088461688e+03
7.311099999999999544e-02 9.490399999999999636e+03 8.939175404663386871e+03 9.408830688236812421e+03 9.328899351248965104e+03
7.416300000000000670e-02 9.340799999999999272e+03 8.791043123564437337e+03 9.257278681712732578e+03 9.185973679443775836e+03
7.523000000000000520e-02 9.185899999999999636e+03 8.644173573985683106e+03 9.101409849339686843e+03 9.038851544072478646e+03
7.631300000000000583e-02 9.025700000000000728e+03 8.498479555609710587e+03 8.941289572294124810e+03 8.887592827494290759e+03
7.741099999999999370e-02 8.860200000000000728e+03 8.354143376001709839e+03 8.777034050109587042e+03 8.732213009198694635e+03
7.852399999999999658e-02 8.689899999999999636e+03 8.211205577955228364e+03 8.609156155497334112e+03 8.573240116803261117e+03
7.965400000000000258e-02 8.515000000000000000e+03 8.069456243270577033e+03 8.437869663789477272e+03 8.410904814510884535e+03
8.079999999999999682e-02 8.336100000000000364e+03 7.929069439319635421e+03 8.263787801179541930e+03 8.245782326098924386e+03
8.196299999999999419e-02 8.153699999999999818e+03 7.789968386282312167e+03 8.087388664519431586e+03 8.078354852424030469e+03
8.314199999999999369e-02 7.968399999999999636e+03 7.652315600208225987e+03 7.909272203562270079e+03 7.909146355795280215e+03
8.433899999999999730e-02 7.781100000000000364e+03 7.515921827594448587e+03 7.730203986961100782e+03 7.739025833281922132e+03
8.555200000000000304e-02 7.592399999999999636e+03 7.381056387146597444e+03 7.550785360653654607e+03 7.568442698486901463e+03
8.678299999999999903e-02 7.403500000000000000e+03 7.247535393956617554e+03 7.371996194665036455e+03 7.398525074112783841e+03
8.803199999999999914e-02 7.215100000000000364e+03 7.115402568606288696e+03 7.194443040154580558e+03 7.229815541710072466e+03
8.929800000000000237e-02 7.028199999999999818e+03 6.984800453167134037e+03 7.018977116974389901e+03 7.063125183723860573e+03
9.058299999999999685e-02 6.843600000000000364e+03 6.855560440568502599e+03 6.846206726804578466e+03 6.899105299573160664e+03
9.188599999999999546e-02 6.662500000000000000e+03 6.727821753849791094e+03 6.677099194894588436e+03 6.738743649538174395e+03
9.320900000000000019e-02 6.485600000000000364e+03 6.601427648025375674e+03 6.512144542376649042e+03 6.582560513412286127e+03
9.454999999999999516e-02 6.313899999999999636e+03 6.476605506807390157e+03 6.352130201139927522e+03 6.431296419835531196e+03
9.590999999999999526e-02 6.148199999999999818e+03 6.353291869645685438e+03 6.197602457510214663e+03 6.285545477423102056e+03
9.729000000000000148e-02 5.989199999999999818e+03 6.231429963652166407e+03 6.049011236437331718e+03 6.145801153284799511e+03
9.868999999999999995e-02 5.837600000000000364e+03 6.111054172956348339e+03 5.906806970080817337e+03 6.012548260952579767e+03
1.001100000000000045e-01 5.693899999999999636e+03 5.992195808486461829e+03 5.771270426039742233e+03 5.886079645299045296e+03
1.015500000000000014e-01 5.558399999999999636e+03 5.874883195101780984e+03 5.642518201687609690e+03 5.766498665124727268e+03
1.030100000000000043e-01 5.431399999999999636e+03 5.759141727441115108e+03 5.520654130464014088e+03 5.653930422769135475e+03
1.044899999999999995e-01 5.313199999999999818e+03 5.644993981271861230e+03 5.405768890867243499e+03 5.548530630229109192e+03
1.059999999999999970e-01 5.203600000000000364e+03 5.531719976453085110e+03 5.297385970115795317e+03 5.450070189355294133e+03
1.075200000000000045e-01 5.102500000000000000e+03 5.420836888997815549e+03 5.195689599968554830e+03 5.358200799458365509e+03
1.090700000000000003e-01 5.009399999999999636e+03 5.310899348273006581e+03 5.099794611272798647e+03 5.272569283859580537e+03
1.106400000000000022e-01 4.924000000000000000e+03 5.202657969661577226e+03 5.009552392458779650e+03 5.192836964059149068e+03
1.122299999999999964e-01 4.845600000000000364e+03 5.096121212565937640e+03 4.924347361956234636e+03 5.118389647516130935e+03
1.138500000000000068e-01 4.773300000000000182e+03 4.990653538443226353e+03 4.843248000628829686e+03 5.048474447675481315e+03
1.154799999999999993e-01 4.706399999999999636e+03 4.887560707076881044e+03 4.766068817757318357e+03 4.982530648274509076e+03
1.171399999999999941e-01 4.643699999999999818e+03 4.785578741582754446e+03 4.691524968740814074e+03 4.919626435190633856e+03
1.188300000000000051e-01 4.584199999999999818e+03 4.684760190798961958e+03 4.618888906599072470e+03 4.859050779358624823e+03
1.205399999999999944e-01 4.526600000000000364e+03 4.585724001182543361e+03 4.547467261900917947e+03 4.799865213219657562e+03
1.222700000000000037e-01 4.469699999999999818e+03 4.488463935231508913e+03 4.476474397835863783e+03 4.741280086533749454e+03
1.240300000000000014e-01 4.412100000000000364e+03 4.392434615588266752e+03 4.404838011520137115e+03 4.682316963345907425e+03
1.258199999999999874e-01 4.352699999999999818e+03 4.297674575375152926e+03 4.331918411597164777e+03 4.622318296380995889e+03
1.276299999999999935e-01 4.290600000000000364e+03 4.204724346661926575e+03 4.257437634271741445e+03 4.560820983400817568e+03
1.294700000000000017e-01 4.224699999999999818e+03 4.113078722244914388e+03 4.180631274239306549e+03 4.497147948517953409e+03
1.313300000000000023e-01 4.154399999999999636e+03 4.023241997924727002e+03 4.101472809307684656e+03 4.431076532131215572e+03
1.332200000000000051e-01 4.079000000000000000e+03 3.934734830403075193e+03 4.019504166742765847e+03 4.362263736397654611e+03
1.351300000000000001e-01 3.998099999999999909e+03 3.848027284234983654e+03 3.934865322323709734e+03 4.290537442783014740e+03
1.370800000000000074e-01 3.911699999999999818e+03 3.762231688920349825e+03 3.847355440187840031e+03 4.216145514607863333e+03
1.390500000000000069e-01 3.819900000000000091e+03 3.678245809738270054e+03 3.757615210404470872e+03 4.139130802765815133e+03
1.410500000000000087e-01 3.723400000000000091e+03 3.595637907871003335e+03 3.666032069428657906e+03 4.060147784930855778e+03
1.430800000000000127e-01 3.622800000000000182e+03 3.514420419696316003e+03 3.573112196821524321e+03 3.979587673155152970e+03
1.451399999999999912e-01 3.519099999999999909e+03 3.434603166003073966e+03 3.479554735990298923e+03 3.898118036882885463e+03
1.472299999999999998e-01 3.413800000000000182e+03 3.356193495455435823e+03 3.386283705828295751e+03 3.816779335340719626e+03
1.493500000000000105e-01 3.307900000000000091e+03 3.279196378895471298e+03 3.293909655701118936e+03 3.736039990171590944e+03
1.514999999999999958e-01 3.202800000000000182e+03 3.203614561674555716e+03 3.203205036611939249e+03 3.656671003848607143e+03
1.536700000000000010e-01 3.099900000000000091e+03 3.129783375475993580e+03 3.115054496453533829e+03 3.579304073032324595e+03
1.558900000000000008e-01 3.000500000000000000e+03 3.056697400648553867e+03 3.029563360805264892e+03 3.504784476995623663e+03
1.581299999999999928e-01 2.905800000000000182e+03 2.985357488068339990e+03 2.947745444353843141e+03 3.433386367606886324e+03
1.603999999999999870e-01 2.816800000000000182e+03 2.915423984588054736e+03 2.869797157356007119e+03 3.365582549643191214e+03
1.627099999999999935e-01 2.734199999999999818e+03 2.846597283427459388e+03 2.795748337574586458e+03 3.301612073233203319e+03
1.650500000000000023e-01 2.658699999999999818e+03 2.779181642146374088e+03 2.725913478073371607e+03 3.241709290068633436e+03
1.674299999999999955e-01 2.590300000000000182e+03 2.712892811032786540e+03 2.659961114626089056e+03 3.185673215628526123e+03
1.698399999999999910e-01 2.528900000000000091e+03 2.648011248699491262e+03 2.597820050873465334e+03 3.133291989993905190e+03
1.722799999999999887e-01 2.474099999999999909e+03 2.584523252976295680e+03 2.539142294627093634e+03 3.084260669019237866e+03
1.747599999999999987e-01 2.425199999999999818e+03 2.522166889922358678e+03 2.483330566013039970e+03 3.038126682251267539e+03
1.772700000000000109e-01 2.381400000000000091e+03 2.461190298402450480e+03 2.430068274912951892e+03 2.994511217489657611e+03
1.798200000000000076e-01 2.341500000000000000e+03 2.401345413939564878e+03 2.378631049180135051e+03 2.952783361281306497e+03
1.824099999999999888e-01 2.304199999999999818e+03 2.342637691359349901e+03 2.328452998685638704e+03 2.912360048971434935e+03
1.850400000000000100e-01 2.268000000000000000e+03 2.285070453169323173e+03 2.278950706495301802e+03 2.872582054284432161e+03
1.877000000000000057e-01 2.231800000000000182e+03 2.228852677394708280e+03 2.229878365468674019e+03 2.833198230970018358e+03
1.904000000000000137e-01 2.194099999999999909e+03 2.173761744734871627e+03 2.180626392563917761e+03 2.793550950556269072e+03
1.931400000000000061e-01 2.154099999999999909e+03 2.119796003086360088e+03 2.131015554664085357e+03 2.753534324029803429e+03
1.959200000000000108e-01 2.110800000000000182e+03 2.066952150463522230e+03 2.080835875163296350e+03 2.712799119572905511e+03
1.987400000000000000e-01 2.063900000000000091e+03 2.015225348134071965e+03 2.030131979111743476e+03 2.671413507345773269e+03
2.016000000000000014e-01 2.013200000000000045e+03 1.964609329637487690e+03 1.978988429980248384e+03 2.629364016374174298e+03
2.044999999999999873e-01 1.959099999999999909e+03 1.915096509474853292e+03 1.927666716296770801e+03 2.586907527431584185e+03
2.074400000000000133e-01 1.902200000000000045e+03 1.866678088292547500e+03 1.876463820716435748e+03 2.544267477401240740e+03
2.104199999999999959e-01 1.843400000000000091e+03 1.819344152515689757e+03 1.825728484109989722e+03 2.501728202777546358e+03
2.134500000000000008e-01 1.784000000000000000e+03 1.772933356277571420e+03 1.775759535358755329e+03 2.459729328902540601e+03
2.165199999999999902e-01 1.725200000000000045e+03 1.727595023498460023e+03 1.727007103506437943e+03 2.418575422888648973e+03
2.196400000000000019e-01 1.668099999999999909e+03 1.683176129606226596e+03 1.679623155879422711e+03 2.378470267617356967e+03
2.227999999999999980e-01 1.613799999999999955e+03 1.639812564362538296e+03 1.633933695528369526e+03 2.339656359297947802e+03
2.260000000000000064e-01 1.563299999999999955e+03 1.597489168194881813e+03 1.590087791235828035e+03 2.302363410352451865e+03
2.292599999999999916e-01 1.517200000000000045e+03 1.555939984951422730e+03 1.547918173835883636e+03 2.266605675086091651e+03
2.325500000000000067e-01 1.475500000000000000e+03 1.515537800917298455e+03 1.507616179292077959e+03 2.232278885347140658e+03
2.358999999999999986e-01 1.438200000000000045e+03 1.475903404066841404e+03 1.468786266225451527e+03 2.199262298059259592e+03
2.392900000000000027e-01 1.404900000000000091e+03 1.437268607620201237e+03 1.431446386919398947e+03 2.167493961527363354e+03
2.427400000000000113e-01 1.374700000000000045e+03 1.399399293901830333e+03 1.395172500769019280e+03 2.136618443551011751e+03
2.462300000000000044e-01 1.346799999999999955e+03 1.362507960913674196e+03 1.359953836477203140e+03 2.106599203863745970e+03
2.497699999999999920e-01 1.320099999999999909e+03 1.326474856837415246e+03 1.325491419840802564e+03 2.077173843155185750e+03
2.533699999999999841e-01 1.293500000000000000e+03 1.291195024677990432e+03 1.291531826615843102e+03 2.048100970809729915e+03
2.570100000000000162e-01 1.266099999999999909e+03 1.256854755058021965e+03 1.258132529373412808e+03 2.019353079033449148e+03
2.607099999999999973e-01 1.237299999999999955e+03 1.223254742296360064e+03 1.225087651954054763e+03 1.990806298996931673e+03
2.644599999999999729e-01 1.206700000000000045e+03 1.190479775735812382e+03 1.192475237874422646e+03 1.962468940987967017e+03
2.682700000000000085e-01 1.174099999999999909e+03 1.158435413020937858e+03 1.160248823421316501e+03 1.934255083510409804e+03
2.721299999999999830e-01 1.140099999999999909e+03 1.127197951937835114e+03 1.128601070993114718e+03 1.906383466390854664e+03
2.760400000000000076e-01 1.105099999999999909e+03 1.096754169675193225e+03 1.097605341544499652e+03 1.878852014794889328e+03
2.800099999999999811e-01 1.070000000000000000e+03 1.067017007511847623e+03 1.067301766024731933e+03 1.851753526225657879e+03
2.840400000000000147e-01 1.035500000000000000e+03 1.037980957908955361e+03 1.037759716098344143e+03 1.825109555567328698e+03
2.881299999999999972e-01 1.002600000000000023e+03 1.009639649773790893e+03 1.009054388698397815e+03 1.799047940022338480e+03
2.922799999999999843e-01 9.717200000000000273e+02 9.819859253693725805e+02 9.811918607592972421e+02 1.773532435570878761e+03
2.964800000000000213e-01 9.433099999999999454e+02 9.550747410527386592e+02 9.542297242462100257e+02 1.748635774304898405e+03
3.007500000000000173e-01 9.173799999999999955e+02 9.287695065162589572e+02 9.280116163266641252e+02 1.724243995125619904e+03
3.050700000000000078e-01 8.937200000000000273e+02 9.031845422061838917e+02 9.026022405714695651e+02 1.700404641012818729e+03
3.094600000000000128e-01 8.718500000000000227e+02 8.781918652812412347e+02 8.778319807964278425e+02 1.676986251838477756e+03
3.139199999999999768e-01 8.511399999999999864e+02 8.537881869385616938e+02 8.536499197377534074e+02 1.653938374088103501e+03
3.184299999999999908e-01 8.309299999999999500e+02 8.300724306541326314e+02 8.301135392144341267e+02 1.631301353637605871e+03
3.230100000000000193e-01 8.106299999999999955e+02 8.069284640126047634e+02 8.070909514673576268e+02 1.608964113423489607e+03
3.276600000000000068e-01 7.898099999999999454e+02 7.843510276369604526e+02 7.845698949577119947e+02 1.586908995643121671e+03
3.323800000000000088e-01 7.682799999999999727e+02 7.623341861773044457e+02 7.625513289664967260e+02 1.565131985176587477e+03
3.371600000000000152e-01 7.461299999999999955e+02 7.409153090630210272e+02 7.410883387489409415e+02 1.543679246961218951e+03
3.420099999999999807e-01 7.236499999999999773e+02 7.200399135824472978e+02 7.201484436450183466e+02 1.522522745888134068e+03
3.469300000000000161e-01 7.012599999999999909e+02 6.997006079456134557e+02 6.997429609426087609e+02 1.501671337100907522e+03
3.519200000000000106e-01 6.794500000000000455e+02 6.798895577975061997e+02 6.798788037915541054e+02 1.481135331148757359e+03
3.569899999999999740e-01 6.586499999999999773e+02 6.605611816498136477e+02 6.605191969922934732e+02 1.460885384270142140e+03
3.621199999999999974e-01 6.390900000000000318e+02 6.417831150239711633e+02 6.417301433576252521e+02 1.440985280568699409e+03
3.673299999999999899e-01 6.208500000000000227e+02 6.234731610430901583e+02 6.234271179718178928e+02 1.421361213094170125e+03
3.726200000000000068e-01 6.038200000000000500e+02 6.056263453521618203e+02 6.055981479763830748e+02 1.402006853563391132e+03
3.779799999999999827e-01 5.877000000000000455e+02 5.882688921651616738e+02 5.882610200809079970e+02 1.382944008276826253e+03
3.834199999999999831e-01 5.721499999999999773e+02 5.713605503833605326e+02 5.713701995611012308e+02 1.364131780530309015e+03
3.889299999999999979e-01 5.568200000000000500e+02 5.549242951548294513e+02 5.549446920556752048e+02 1.345594400775913527e+03
3.945299999999999918e-01 5.414500000000000455e+02 5.388938803046936528e+02 5.389179953595241841e+02 1.327263657890991453e+03
4.002100000000000102e-01 5.259700000000000273e+02 5.232927997711143462e+02 5.233148621505889651e+02 1.309171594476245218e+03
4.059699999999999975e-01 5.104200000000000159e+02 5.081138090371228486e+02 5.081303456494432567e+02 1.291316565917368280e+03
4.118100000000000094e-01 4.949599999999999795e+02 4.933494148820182659e+02 4.933594239611236958e+02 1.273697467469912681e+03
4.177299999999999902e-01 4.798600000000000136e+02 4.789919131875051335e+02 4.789965698596659536e+02 1.256314944509967518e+03
4.237400000000000055e-01 4.653000000000000114e+02 4.650106408855316431e+02 4.650119748596373483e+02 1.239138324648367188e+03
4.298399999999999999e-01 4.514300000000000068e+02 4.514003697912661437e+02 4.514004866593991210e+02 1.222167410822536567e+03
4.360200000000000187e-01 4.382900000000000205e+02 4.381764926575622781e+02 4.381768740398811133e+02 1.205427457697065847e+03
4.423000000000000265e-01 4.257599999999999909e+02 4.252903877401876684e+02 4.252917252792665863e+02 1.188862849075000213e+03
4.486600000000000033e-01 4.136999999999999886e+02 4.127770616853287606e+02 4.127792799324204225e+02 1.172524231825699189e+03
4.551200000000000245e-01 4.019399999999999977e+02 4.005908626007916951e+02 4.005935848430264059e+02 1.156359495755644048e+03
4.616600000000000148e-01 3.903299999999999841e+02 3.887630760866235846e+02 3.887657179164149284e+02 1.140416490460481100e+03
4.683100000000000041e-01 3.788299999999999841e+02 3.772339128291094994e+02 3.772361486984902967e+02 1.124622829347798188e+03
4.750499999999999723e-01 3.674599999999999795e+02 3.660334294970987798e+02 3.660350812788330472e+02 1.109026042521666341e+03
4.818799999999999750e-01 3.563199999999999932e+02 3.551546457732023327e+02 3.551557551429455657e+02 1.093624952482848812e+03
4.888100000000000223e-01 3.455000000000000000e+02 3.445755661597750077e+02 3.445762855545696652e+02 1.078396373942964829e+03
4.958500000000000130e-01 3.350799999999999841e+02 3.342766392989706219e+02 3.342771472316451877e+02 1.063319259266410882e+03
5.029799999999999827e-01 3.250799999999999841e+02 3.242816942836616363e+02 3.242821020405127683e+02 1.048436057370430490e+03
5.102200000000000069e-01 3.154599999999999795e+02 3.145570807613487432e+02 3.145574509593757853e+02 1.033704850762246224e+03
5.175600000000000200e-01 3.061600000000000250e+02 3.051113645851606861e+02 3.051117075519733248e+02 1.019146371903959903e+03
5.250099999999999767e-01 2.970799999999999841e+02 2.959266279069299799e+02 2.959269268129707484e+02 1.004741037326370588e+03
5.325600000000000334e-01 2.881999999999999886e+02 2.870100266341039514e+02 2.870102694125210405e+02 9.905084121908678298e+02
5.402200000000000335e-01 2.794900000000000091e+02 2.783444470722942015e+02 2.783446297838257237e+02 9.764296535214542700e+02
5.480000000000000426e-01 2.709700000000000273e+02 2.699146130072813321e+02 2.699147436251209342e+02 9.624876698067380403e+02
5.558800000000000407e-01 2.626999999999999886e+02 2.617373781397925541e+02 2.617374699444827684e+02 9.487187319673802222e+02
5.638800000000000479e-01 2.546899999999999977e+02 2.537870381874807890e+02 2.537871040321111309e+02 9.350881901227551225e+02
5.719899999999999984e-01 2.469600000000000080e+02 2.460691495065631216e+02 2.460691988006673512e+02 9.216139367103145332e+02
5.802199999999999580e-01 2.394799999999999898e+02 2.385696847957069622e+02 2.385697227095522521e+02 9.082800823683121507e+02
5.885700000000000376e-01 2.322299999999999898e+02 2.312846265144204381e+02 2.312846559061366349e+02 8.950878471020002962e+02
5.970400000000000151e-01 2.251699999999999875e+02 2.242098340346564953e+02 2.242098561302010182e+02 8.820382788643461254e+02
6.056300000000000017e-01 2.182800000000000011e+02 2.173410648011782200e+02 2.173410806564221502e+02 8.691322670084954325e+02
6.143399999999999972e-01 2.115699999999999932e+02 2.106739938987723804e+02 2.106740049037392737e+02 8.563705476166744575e+02
6.231799999999999562e-01 2.050500000000000114e+02 2.041970636985187184e+02 2.041970712468791760e+02 8.437396029562009971e+02
6.321499999999999897e-01 1.987199999999999989e+02 1.979067593580018922e+02 1.979067644941961532e+02 8.312409500053365718e+02
6.412400000000000322e-01 1.925999999999999943e+02 1.918060215441904006e+02 1.918060250892319516e+02 8.188893646114660214e+02
6.504699999999999926e-01 1.866699999999999875e+02 1.858777212400700876e+02 1.858777237149896280e+02 8.066588822106357384e+02
6.598300000000000276e-01 1.809099999999999966e+02 1.801249294593071113e+02 1.801249311576025889e+02 7.945643243395526270e+02
6.693200000000000260e-01 1.753199999999999932e+02 1.745437994243677053e+02 1.745438005750517334e+02 7.826066138173748641e+02
6.789500000000000535e-01 1.698700000000000045e+02 1.691249377851833913e+02 1.691249385337582964e+02 7.707744024057965362e+02
6.887199999999999989e-01 1.645900000000000034e+02 1.638651405564934862e+02 1.638651410445104659e+02 7.590692490741791971e+02
6.986299999999999732e-01 1.594600000000000080e+02 1.587611269479134251e+02 1.587611272595790126e+02 7.474925404670279931e+02
7.086799999999999766e-01 1.544900000000000091e+02 1.538095543128578129e+02 1.538095545114929905e+02 7.360455002845083072e+02
7.188799999999999635e-01 1.496699999999999875e+02 1.490024232541281890e+02 1.490024233801082403e+02 7.247182322873317162e+02
7.292199999999999793e-01 1.449900000000000091e+02 1.443413191462565521e+02 1.443413192244203458e+02 7.135231736771540909e+02
7.397200000000000442e-01 1.404499999999999886e+02 1.398143358061613242e+02 1.398143358544132298e+02 7.024402432649189905e+02
7.503600000000000270e-01 1.360399999999999920e+02 1.354271572295397448e+02 1.354271572584695491e+02 6.914919629087008843e+02
7.611599999999999477e-01 1.317599999999999909e+02 1.311685388269310124e+02 1.311685388440515396e+02 6.806589926115017306e+02
7.721099999999999630e-01 1.276099999999999994e+02 1.270396576267372239e+02 1.270396576367204773e+02 6.699528346491090360e+02
7.832200000000000273e-01 1.235900000000000034e+02 1.230339249721774735e+02 1.230339249779775628e+02 6.593650133925181080e+02
7.944900000000000295e-01 1.196899999999999977e+02 1.191487278794234328e+02 1.191487278827375036e+02 6.488970363939647541e+02
8.059199999999999697e-01 1.159099999999999966e+02 1.153814088894182817e+02 1.153814088912891833e+02 6.385502416807153168e+02
8.175099999999999589e-01 1.122399999999999949e+02 1.117292769501186740e+02 1.117292769511473978e+02 6.283258040358271046e+02
8.292800000000000171e-01 1.086800000000000068e+02 1.081837271913927196e+02 1.081837271919520020e+02 6.182077700644749712e+02
8.412100000000000133e-01 1.052199999999999989e+02 1.047484404925895234e+02 1.047484404928820396e+02 6.082148495106163182e+02
8.533100000000000129e-01 1.018799999999999955e+02 1.014179574054242750e+02 1.014179574055793438e+02 5.983396809983370304e+02
8.655899999999999705e-01 9.862999999999999545e+01 9.818729766923884483e+01 9.818729766931778613e+01 5.885755971639237032e+02
8.780400000000000427e-01 9.548300000000000409e+01 9.505683195980357425e+01 9.505683195984322253e+01 5.789318736159319769e+02
8.906800000000000272e-01 9.243200000000000216e+01 9.201940587903887092e+01 9.201940587905852453e+01 5.693944723569297821e+02
9.034900000000000153e-01 8.947400000000000375e+01 8.907767419024997935e+01 8.907767419025945799e+01 5.599797733307573253e+02
9.164900000000000269e-01 8.660599999999999454e+01 8.622486188453422074e+01 8.622486188453871137e+01 5.506741953514847410e+02
9.296799999999999509e-01 8.382699999999999818e+01 8.345906676327911100e+01 8.345906676328120000e+01 5.414792631046757378e+02
9.430500000000000549e-01 8.113400000000000034e+01 8.078031095589777522e+01 8.078031095589872734e+01 5.324030232542535259e+02
9.566200000000000259e-01 7.852400000000000091e+01 7.818262842721370021e+01 7.818262842721412653e+01 5.234330796504111731e+02
9.703899999999999748e-01 7.599399999999999977e+01 7.566430106048149185e+01 7.566430106048167659e+01 5.145709762942756242e+02
9.843499999999999472e-01 7.354200000000000159e+01 7.322528465737337910e+01 7.322528465737346437e+01 5.058242590106063972e+02
9.985100000000000087e-01 7.116599999999999682e+01 7.086194121492275144e+01 7.086194121492277986e+01 4.971876087350999569e+02
1.012899999999999912e+00 6.886400000000000432e+01 6.856781032423165811e+01 6.856781032423167233e+01 4.886444922464509091e+02
