9.920100000e-04 3.815200000e+03 3.813066565e+03 3.815199937e+03 3.815123448e+03 
1.006300000e-03 3.866000000e+03 3.863988085e+03 3.865999939e+03 3.865920189e+03 
1.020800000e-03 3.917500000e+03 3.915581834e+03 3.917499940e+03 3.917416790e+03 
1.035500000e-03 3.969700000e+03 3.967799306e+03 3.969699939e+03 3.969613247e+03 
1.050400000e-03 4.022500000e+03 4.020622616e+03 4.022499938e+03 4.022409558e+03 
1.065500000e-03 4.075900000e+03 4.074051673e+03 4.075899937e+03 4.075805718e+03 
1.080800000e-03 4.130100000e+03 4.128095754e+03 4.130099930e+03 4.130001715e+03 
1.096300000e-03 4.184800000e+03 4.182743755e+03 4.184799926e+03 4.184697552e+03 
1.112100000e-03 4.240300000e+03 4.238332881e+03 4.240299927e+03 4.240193196e+03 
1.128100000e-03 4.296500000e+03 4.294536855e+03 4.296499925e+03 4.296388661e+03 
1.144400000e-03 4.353300000e+03 4.351649929e+03 4.353299935e+03 4.353183924e+03 
1.160800000e-03 4.410900000e+03 4.409013868e+03 4.410899924e+03 4.410779013e+03 
1.177500000e-03 4.469100000e+03 4.467311524e+03 4.469099926e+03 4.468973884e+03 
1.194500000e-03 4.528100000e+03 4.526523814e+03 4.528099933e+03 4.527968525e+03 
1.211600000e-03 4.587800000e+03 4.585965560e+03 4.587799919e+03 4.587662974e+03 
1.229100000e-03 4.648200000e+03 4.646666307e+03 4.648199931e+03 4.648057154e+03 
1.246800000e-03 4.709300000e+03 4.707928155e+03 4.709299936e+03 4.709151105e+03 
1.264700000e-03 4.771200000e+03 4.769747637e+03 4.771199930e+03 4.771044812e+03 
1.282900000e-03 4.833900000e+03 4.832462000e+03 4.833899929e+03 4.833738244e+03 
1.301400000e-03 4.897200000e+03 4.896069106e+03 4.897199943e+03 4.897031396e+03 
1.320100000e-03 4.961400000e+03 4.960210855e+03 4.961399938e+03 4.961224275e+03 
1.339100000e-03 5.026300000e+03 5.025232083e+03 5.026299943e+03 5.026116849e+03 
1.358300000e-03 5.092000000e+03 5.090782992e+03 5.091999933e+03 5.091809133e+03 
1.377900000e-03 5.158500000e+03 5.157532654e+03 5.158499945e+03 5.158301058e+03 
1.397700000e-03 5.225800000e+03 5.224811532e+03 5.225799942e+03 5.225592670e+03 
1.417800000e-03 5.293800000e+03 5.292934042e+03 5.293799948e+03 5.293583932e+03 
1.438200000e-03 5.362700000e+03 5.361899981e+03 5.362699950e+03 5.362474822e+03 
1.458900000e-03 5.432400000e+03 5.431702308e+03 5.432399956e+03 5.432165330e+03 
1.479900000e-03 5.502800000e+03 5.502332624e+03 5.502799969e+03 5.502555448e+03 
1.501200000e-03 5.574200000e+03 5.573784516e+03 5.574199972e+03 5.573945148e+03 
1.522800000e-03 5.646300000e+03 5.646046546e+03 5.646299982e+03 5.646034427e+03 
1.544700000e-03 5.719300000e+03 5.719115577e+03 5.719299987e+03 5.719023261e+03 
1.566900000e-03 5.793100000e+03 5.792979406e+03 5.793099991e+03 5.792811640e+03 
1.589500000e-03 5.867800000e+03 5.867965772e+03 5.867800013e+03 5.867499505e+03 
1.612400000e-03 5.943300000e+03 5.943739328e+03 5.943300034e+03 5.942986879e+03 
1.635600000e-03 6.019700000e+03 6.020266213e+03 6.019700045e+03 6.019373739e+03 
1.659100000e-03 6.096900000e+03 6.097563856e+03 6.096900055e+03 6.096560072e+03 
1.683000000e-03 6.175000000e+03 6.175944244e+03 6.175000080e+03 6.174645815e+03 
1.707200000e-03 6.254100000e+03 6.255068016e+03 6.254100085e+03 6.253730979e+03 
1.731700000e-03 6.334000000e+03 6.334926676e+03 6.334000083e+03 6.333615558e+03 
1.756700000e-03 6.414700000e+03 6.416158592e+03 6.414700135e+03 6.414299441e+03 
1.781900000e-03 6.496400000e+03 6.497794574e+03 6.496400133e+03 6.495982726e+03 
1.807600000e-03 6.579000000e+03 6.580760180e+03 6.579000172e+03 6.578565259e+03 
1.833600000e-03 6.662500000e+03 6.664430333e+03 6.662500194e+03 6.662047108e+03 
1.860000000e-03 6.746900000e+03 6.749102871e+03 6.746900228e+03 6.746428199e+03 
1.886700000e-03 6.832300000e+03 6.834450229e+03 6.832300229e+03 6.831808549e+03 
1.913900000e-03 6.918600000e+03 6.921097664e+03 6.918600274e+03 6.918088035e+03 
1.941400000e-03 7.005800000e+03 7.008393263e+03 7.005800293e+03 7.005266731e+03 
1.969300000e-03 7.093900000e+03 7.096646396e+03 7.093900319e+03 7.093344557e+03 
1.997700000e-03 7.183000000e+03 7.186159760e+03 7.183000378e+03 7.182421413e+03 
2.026400000e-03 7.273000000e+03 7.276283687e+03 7.273000404e+03 7.272397392e+03 
2.055600000e-03 7.364000000e+03 7.367600296e+03 7.364000456e+03 7.363372336e+03 
2.085100000e-03 7.455900000e+03 7.459582778e+03 7.455900480e+03 7.455246334e+03 
2.115100000e-03 7.548800000e+03 7.552745378e+03 7.548800529e+03 7.548119225e+03 
2.145600000e-03 7.642700000e+03 7.647055524e+03 7.642700601e+03 7.641990966e+03 
2.176500000e-03 7.737600000e+03 7.742238906e+03 7.737600658e+03 7.736861581e+03 
2.207800000e-03 7.833400000e+03 7.838248190e+03 7.833400708e+03 7.832631040e+03 
2.239500000e-03 7.930200000e+03 7.935136422e+03 7.930200742e+03 7.929399294e+03 
2.271800000e-03 8.027900000e+03 8.033451146e+03 8.027900858e+03 8.027066169e+03 
2.304400000e-03 8.126700000e+03 8.132176360e+03 8.126700871e+03 8.125831813e+03 
2.337600000e-03 8.226400000e+03 8.232336867e+03 8.226400972e+03 8.225495980e+03 
2.371200000e-03 8.327200000e+03 8.333258189e+03 8.327201020e+03 8.326258766e+03 
2.405400000e-03 8.428900000e+03 8.435521726e+03 8.428901148e+03 8.427919952e+03 
2.440000000e-03 8.531700000e+03 8.538528033e+03 8.531701218e+03 8.530679638e+03 
2.475100000e-03 8.635400000e+03 8.642529897e+03 8.635401308e+03 8.634337715e+03 
2.510700000e-03 8.740100000e+03 8.747526292e+03 8.740101402e+03 8.738994115e+03 
2.546800000e-03 8.845800000e+03 8.853493415e+03 8.845801495e+03 8.844648776e+03 
2.583400000e-03 8.952600000e+03 8.960438298e+03 8.952601567e+03 8.951401629e+03 
2.620600000e-03 9.060300000e+03 9.068570467e+03 9.060301701e+03 9.059052544e+03 
2.658300000e-03 9.169100000e+03 9.177594900e+03 9.169101798e+03 9.167801519e+03 
2.696600000e-03 9.278800000e+03 9.287815487e+03 9.278801964e+03 9.277448419e+03 
2.735400000e-03 9.389600000e+03 9.398900434e+03 9.389602085e+03 9.388193241e+03 
2.774700000e-03 9.501400000e+03 9.510832483e+03 9.501402175e+03 9.499935930e+03 
2.814700000e-03 9.614200000e+03 9.624149704e+03 9.614202361e+03 9.612676203e+03 
2.855200000e-03 9.728000000e+03 9.738263795e+03 9.728002507e+03 9.726414197e+03 
2.896200000e-03 9.842800000e+03 9.853154936e+03 9.842802602e+03 9.841149825e+03 
2.937900000e-03 9.958600000e+03 9.969356446e+03 9.958602781e+03 9.956882785e+03 
2.980200000e-03 1.007500000e+04 1.008654421e+04 1.007500307e+04 1.007321318e+04 
3.023100000e-03 1.019300000e+04 1.020474858e+04 1.019300322e+04 1.019114073e+04 
3.066600000e-03 1.031200000e+04 1.032388013e+04 1.031200335e+04 1.031006545e+04 
3.110700000e-03 1.043200000e+04 1.044392987e+04 1.043200346e+04 1.042998725e+04 
3.155400000e-03 1.055300000e+04 1.056488353e+04 1.055300354e+04 1.055090602e+04 
3.200800000e-03 1.067400000e+04 1.068694070e+04 1.067400397e+04 1.067182175e+04 
3.246900000e-03 1.079700000e+04 1.081021632e+04 1.079700417e+04 1.079473392e+04 
3.293600000e-03 1.092100000e+04 1.093418648e+04 1.092100428e+04 1.091864274e+04 
3.341000000e-03 1.104600000e+04 1.105919634e+04 1.104600441e+04 1.104354796e+04 
3.389100000e-03 1.117100000e+04 1.118531316e+04 1.117100492e+04 1.116844971e+04 
3.437800000e-03 1.129800000e+04 1.131209910e+04 1.129800499e+04 1.129534754e+04 
3.487300000e-03 1.142600000e+04 1.144010322e+04 1.142600514e+04 1.142324126e+04 
3.537500000e-03 1.155400000e+04 1.156901315e+04 1.155400563e+04 1.155113114e+04 
3.588400000e-03 1.168400000e+04 1.169880068e+04 1.168400571e+04 1.168101652e+04 
3.640000000e-03 1.181400000e+04 1.182942106e+04 1.181400612e+04 1.181089781e+04 
3.692400000e-03 1.194500000e+04 1.196114495e+04 1.194500659e+04 1.194177442e+04 
3.745500000e-03 1.207800000e+04 1.209362079e+04 1.207800656e+04 1.207464610e+04 
3.799400000e-03 1.221100000e+04 1.222709873e+04 1.221100696e+04 1.220751307e+04 
3.854100000e-03 1.234500000e+04 1.236151224e+04 1.234500735e+04 1.234137491e+04 
3.909500000e-03 1.248000000e+04 1.249662618e+04 1.248000761e+04 1.247623161e+04 
3.965800000e-03 1.261600000e+04 1.263279849e+04 1.261600791e+04 1.261208264e+04 
4.022800000e-03 1.275300000e+04 1.276958999e+04 1.275300804e+04 1.274892818e+04 
4.080700000e-03 1.289000000e+04 1.290739520e+04 1.289000868e+04 1.288576803e+04 
4.139400000e-03 1.302900000e+04 1.304598199e+04 1.302900872e+04 1.302460151e+04 
4.199000000e-03 1.316800000e+04 1.318549842e+04 1.316800924e+04 1.316342890e+04 
4.259400000e-03 1.330800000e+04 1.332567591e+04 1.330800961e+04 1.330324988e+04 
4.320700000e-03 1.344900000e+04 1.346670022e+04 1.344900990e+04 1.344406401e+04 
4.382800000e-03 1.359100000e+04 1.360831794e+04 1.359100996e+04 1.358587129e+04 
4.445900000e-03 1.373300000e+04 1.375092820e+04 1.373301061e+04 1.372767147e+04 
4.509900000e-03 1.387600000e+04 1.389423080e+04 1.387601111e+04 1.387046415e+04 
4.574800000e-03 1.402000000e+04 1.403820946e+04 1.402001141e+04 1.401424908e+04 
4.640600000e-03 1.416500000e+04 1.418280882e+04 1.416501149e+04 1.415902602e+04 
4.707300000e-03 1.431000000e+04 1.432798302e+04 1.431001193e+04 1.430379517e+04 
4.775100000e-03 1.445600000e+04 1.447413075e+04 1.445601238e+04 1.444955536e+04 
4.843800000e-03 1.460200000e+04 1.462067526e+04 1.460201312e+04 1.459530728e+04 
4.913500000e-03 1.475000000e+04 1.476793540e+04 1.475001297e+04 1.474304941e+04 
4.984200000e-03 1.489800000e+04 1.491574276e+04 1.489801320e+04 1.489078242e+04 
5.055900000e-03 1.504600000e+04 1.506408039e+04 1.504601384e+04 1.503850617e+04 
5.128600000e-03 1.519500000e+04 1.521289430e+04 1.519501410e+04 1.518721973e+04 
5.202400000e-03 1.534400000e+04 1.536233671e+04 1.534401486e+04 1.533592308e+04 
5.277300000e-03 1.549400000e+04 1.551232132e+04 1.549401528e+04 1.548561540e+04 
5.353200000e-03 1.564500000e+04 1.566262043e+04 1.564501512e+04 1.563629662e+04 
5.430200000e-03 1.579600000e+04 1.581336780e+04 1.579601534e+04 1.578696671e+04 
5.508400000e-03 1.594700000e+04 1.596469835e+04 1.594701608e+04 1.593762499e+04 
5.587600000e-03 1.609900000e+04 1.611616392e+04 1.609901605e+04 1.608927124e+04 
5.668000000e-03 1.625100000e+04 1.626811406e+04 1.625101646e+04 1.624090501e+04 
5.749600000e-03 1.640300000e+04 1.642039069e+04 1.640301722e+04 1.639252592e+04 
5.832300000e-03 1.655600000e+04 1.657284401e+04 1.655601716e+04 1.654513330e+04 
5.916200000e-03 1.670900000e+04 1.672556230e+04 1.670901736e+04 1.669772701e+04 
6.001300000e-03 1.686200000e+04 1.687845638e+04 1.686201775e+04 1.685030696e+04 
6.087700000e-03 1.701600000e+04 1.703170247e+04 1.701601743e+04 1.700387133e+04 
6.175300000e-03 1.716900000e+04 1.718499588e+04 1.716901826e+04 1.715642164e+04 
6.264100000e-03 1.732300000e+04 1.733827769e+04 1.732301795e+04 1.730995613e+04 
6.354300000e-03 1.747700000e+04 1.749185581e+04 1.747701796e+04 1.746347423e+04 
6.445700000e-03 1.763000000e+04 1.764525439e+04 1.763001898e+04 1.761597711e+04 
6.538400000e-03 1.778400000e+04 1.779863249e+04 1.778401873e+04 1.776946227e+04 
6.632500000e-03 1.793800000e+04 1.795207308e+04 1.793801854e+04 1.792292973e+04 
6.727900000e-03 1.809100000e+04 1.810530931e+04 1.809101939e+04 1.807538034e+04 
6.824700000e-03 1.824500000e+04 1.825845833e+04 1.824501877e+04 1.822881132e+04 
6.922900000e-03 1.839800000e+04 1.841142977e+04 1.839801927e+04 1.838122412e+04 
7.022500000e-03 1.855100000e+04 1.856414398e+04 1.855101941e+04 1.853361722e+04 
7.123600000e-03 1.870400000e+04 1.871672694e+04 1.870401933e+04 1.868598962e+04 
7.226100000e-03 1.885600000e+04 1.886878982e+04 1.885601999e+04 1.883734254e+04 
7.330000000e-03 1.900800000e+04 1.902044894e+04 1.900802002e+04 1.898867402e+04 
7.435500000e-03 1.916000000e+04 1.917181451e+04 1.916001955e+04 1.913998286e+04 
7.542500000e-03 1.930900000e+04 1.932267351e+04 1.930902329e+04 1.928827234e+04 
7.651000000e-03 1.946000000e+04 1.947294481e+04 1.946002268e+04 1.943853617e+04 
7.761100000e-03 1.961000000e+04 1.962268825e+04 1.961002288e+04 1.958777676e+04 
7.872800000e-03 1.975900000e+04 1.977179987e+04 1.975902375e+04 1.973599349e+04 
7.986000000e-03 1.990800000e+04 1.992007360e+04 1.990802305e+04 1.988418513e+04 
8.101000000e-03 2.005600000e+04 2.006782193e+04 2.005602322e+04 2.003135074e+04 
8.217500000e-03 2.020300000e+04 2.021456550e+04 2.020302337e+04 2.017749135e+04 
8.335700000e-03 2.034900000e+04 2.036039432e+04 2.034902370e+04 2.032260531e+04 
8.455700000e-03 2.049400000e+04 2.050546990e+04 2.049402454e+04 2.046669151e+04 
8.577300000e-03 2.063800000e+04 2.064936860e+04 2.063802503e+04 2.060975046e+04 
8.700800000e-03 2.078200000e+04 2.079235957e+04 2.078202347e+04 2.075277815e+04 
8.825900000e-03 2.092400000e+04 2.093404030e+04 2.092402340e+04 2.089377886e+04 
8.952900000e-03 2.106400000e+04 2.107459820e+04 2.106402542e+04 2.103275037e+04 
9.081800000e-03 2.120400000e+04 2.121396402e+04 2.120402459e+04 2.117168847e+04 
9.212400000e-03 2.134200000e+04 2.135181729e+04 2.134202493e+04 2.130859747e+04 
9.345000000e-03 2.147900000e+04 2.148836986e+04 2.147902448e+04 2.144447295e+04 
9.479400000e-03 2.161400000e+04 2.162331446e+04 2.161402504e+04 2.157831733e+04 
9.615800000e-03 2.174800000e+04 2.175675961e+04 2.174802423e+04 2.171112682e+04 
9.754200000e-03 2.187900000e+04 2.188855392e+04 2.187902719e+04 2.184090463e+04 
9.894500000e-03 2.201000000e+04 2.201855334e+04 2.201002505e+04 2.197064513e+04 
1.003700000e-02 2.213800000e+04 2.214688762e+04 2.213802678e+04 2.209735138e+04 
1.018100000e-02 2.226500000e+04 2.227283820e+04 2.226502430e+04 2.222302383e+04 
1.032800000e-02 2.238900000e+04 2.239758878e+04 2.238902740e+04 2.234565502e+04 
1.047600000e-02 2.251200000e+04 2.251932549e+04 2.251202405e+04 2.246725507e+04 
1.062700000e-02 2.263200000e+04 2.263961850e+04 2.263202573e+04 2.258581268e+04 
1.078000000e-02 2.275000000e+04 2.275749821e+04 2.275002606e+04 2.270233259e+04 
1.093500000e-02 2.286600000e+04 2.287281551e+04 2.286602437e+04 2.281681437e+04 
1.109200000e-02 2.297900000e+04 2.298561988e+04 2.297902436e+04 2.292825998e+04 
1.125200000e-02 2.309000000e+04 2.309633924e+04 2.309002400e+04 2.303765827e+04 
1.141400000e-02 2.319900000e+04 2.320418640e+04 2.319902020e+04 2.314501668e+04 
1.157800000e-02 2.330400000e+04 2.330905816e+04 2.330402027e+04 2.324834021e+04 
1.174500000e-02 2.340700000e+04 2.341147429e+04 2.340701845e+04 2.334961482e+04 
1.191400000e-02 2.350700000e+04 2.351066730e+04 2.350701556e+04 2.344785093e+04 
1.208500000e-02 2.360400000e+04 2.360652769e+04 2.360401104e+04 2.354304884e+04 
1.225900000e-02 2.369800000e+04 2.369950436e+04 2.369800676e+04 2.363519906e+04 
1.243500000e-02 2.378900000e+04 2.378891941e+04 2.378899963e+04 2.372431028e+04 
1.261400000e-02 2.387400000e+04 2.387515233e+04 2.387400548e+04 2.380738293e+04 
1.279600000e-02 2.395900000e+04 2.395803313e+04 2.395899527e+04 2.389039717e+04 
1.298000000e-02 2.403900000e+04 2.403696924e+04 2.403898978e+04 2.396837828e+04 
1.316700000e-02 2.411700000e+04 2.411227575e+04 2.411697553e+04 2.404430762e+04 
1.335600000e-02 2.419000000e+04 2.418342065e+04 2.418996493e+04 2.411520403e+04 
1.354800000e-02 2.426000000e+04 2.425065968e+04 2.425994878e+04 2.418305124e+04 
1.374300000e-02 2.432600000e+04 2.431381303e+04 2.432593123e+04 2.424685281e+04 
1.394100000e-02 2.438800000e+04 2.437279543e+04 2.438791172e+04 2.430660913e+04 
1.414200000e-02 2.444600000e+04 2.442742301e+04 2.444588902e+04 2.436231965e+04 
1.434500000e-02 2.450000000e+04 2.447724022e+04 2.449986011e+04 2.441399604e+04 
1.455200000e-02 2.455000000e+04 2.452269333e+04 2.454982731e+04 2.446161729e+04 
1.476100000e-02 2.459500000e+04 2.456317354e+04 2.459479292e+04 2.450420963e+04 
1.497300000e-02 2.463600000e+04 2.459876556e+04 2.463575074e+04 2.454275805e+04 
1.518900000e-02 2.467300000e+04 2.462953528e+04 2.467270061e+04 2.457725266e+04 
1.540700000e-02 2.470500000e+04 2.465501532e+04 2.470464578e+04 2.460672039e+04 
1.562900000e-02 2.473200000e+04 2.467534790e+04 2.473158692e+04 2.463114006e+04 
1.585400000e-02 2.475400000e+04 2.469030919e+04 2.475352218e+04 2.465052489e+04 
1.608200000e-02 2.477200000e+04 2.469979332e+04 2.477144266e+04 2.466587001e+04 
1.631300000e-02 2.478400000e+04 2.470374293e+04 2.478336267e+04 2.467518774e+04 
1.654800000e-02 2.479200000e+04 2.470202452e+04 2.479126485e+04 2.468045673e+04 
1.678600000e-02 2.479400000e+04 2.469456731e+04 2.479316414e+04 2.467970146e+04 
1.702800000e-02 2.479100000e+04 2.468124853e+04 2.479005072e+04 2.467390673e+04 
1.727300000e-02 2.478300000e+04 2.466204984e+04 2.478192367e+04 2.466308454e+04 
1.752100000e-02 2.477100000e+04 2.463693898e+04 2.476977266e+04 2.464823178e+04 
1.777300000e-02 2.475200000e+04 2.460576882e+04 2.475062263e+04 2.462635736e+04 
1.802900000e-02 2.472800000e+04 2.456847417e+04 2.472645402e+04 2.459945095e+04 
1.828800000e-02 2.469700000e+04 2.452517833e+04 2.469528692e+04 2.456554038e+04 
1.855200000e-02 2.466200000e+04 2.447552275e+04 2.466008702e+04 2.452758396e+04 
1.881800000e-02 2.462000000e+04 2.442008320e+04 2.461789023e+04 2.448264188e+04 
1.908900000e-02 2.457300000e+04 2.435825467e+04 2.457066835e+04 2.443266660e+04 
1.936400000e-02 2.452000000e+04 2.429027294e+04 2.451743371e+04 2.437668046e+04 
1.964300000e-02 2.446100000e+04 2.421616264e+04 2.445818598e+04 2.431468757e+04 
1.992500000e-02 2.439600000e+04 2.413629576e+04 2.439292930e+04 2.424670420e+04 
2.021200000e-02 2.432500000e+04 2.405016122e+04 2.432165664e+04 2.417270897e+04 
2.050300000e-02 2.424800000e+04 2.395813965e+04 2.424437229e+04 2.409271947e+04 
2.079800000e-02 2.416600000e+04 2.386034884e+04 2.416206450e+04 2.400773089e+04 
2.109700000e-02 2.407700000e+04 2.375690690e+04 2.407275999e+04 2.391576585e+04 
2.140000000e-02 2.398200000e+04 2.364797654e+04 2.397744834e+04 2.381782050e+04 
2.170800000e-02 2.388100000e+04 2.353334539e+04 2.387612621e+04 2.371388783e+04 
2.202100000e-02 2.377500000e+04 2.341314238e+04 2.376978082e+04 2.360496208e+04 
2.233800000e-02 2.366200000e+04 2.328794884e+04 2.365644967e+04 2.348908286e+04 
2.265900000e-02 2.354300000e+04 2.315797175e+04 2.353712268e+04 2.336724599e+04 
2.298500000e-02 2.341800000e+04 2.302300771e+04 2.341179722e+04 2.323944475e+04 
2.331600000e-02 2.328800000e+04 2.288327900e+04 2.328146158e+04 2.310667516e+04 
2.365100000e-02 2.315100000e+04 2.273945492e+04 2.314416051e+04 2.296697873e+04 
2.399100000e-02 2.301000000e+04 2.259127406e+04 2.300284139e+04 2.282331471e+04 
2.433700000e-02 2.286200000e+04 2.243861201e+04 2.285455326e+04 2.267271380e+04 
2.468700000e-02 2.270900000e+04 2.228256599e+04 2.270128438e+04 2.251718448e+04 
2.504200000e-02 2.255000000e+04 2.212294946e+04 2.254205150e+04 2.235573463e+04 
2.540200000e-02 2.238600000e+04 2.196002290e+04 2.237784409e+04 2.218935872e+04 
2.576800000e-02 2.221700000e+04 2.179358277e+04 2.220866014e+04 2.201805286e+04 
2.613900000e-02 2.204300000e+04 2.162434317e+04 2.203451719e+04 2.184183684e+04 
2.651500000e-02 2.186400000e+04 2.145255568e+04 2.185542430e+04 2.166072023e+04 
2.689600000e-02 2.168000000e+04 2.127844219e+04 2.167139072e+04 2.147471156e+04 
2.728300000e-02 2.149100000e+04 2.110190124e+04 2.148241873e+04 2.128380720e+04 
2.767600000e-02 2.129800000e+04 2.092307388e+04 2.128949411e+04 2.108900087e+04 
2.807400000e-02 2.110100000e+04 2.074267339e+04 2.109263797e+04 2.089031433e+04 
2.847800000e-02 2.089900000e+04 2.056049661e+04 2.089087436e+04 2.068676049e+04 
2.888800000e-02 2.069400000e+04 2.037675618e+04 2.068616658e+04 2.048031498e+04 
2.930300000e-02 2.048500000e+04 2.019212749e+04 2.047756177e+04 2.027001709e+04 
2.972500000e-02 2.027300000e+04 2.000594796e+04 2.026602338e+04 2.005683300e+04 
3.015200000e-02 2.005700000e+04 1.981921223e+04 2.005061057e+04 1.983981659e+04 
3.058600000e-02 1.983900000e+04 1.963133084e+04 1.983326033e+04 1.962091341e+04 
3.102600000e-02 1.961800000e+04 1.944288123e+04 1.961302173e+04 1.939916436e+04 
3.147300000e-02 1.939400000e+04 1.925362058e+04 1.938989519e+04 1.917456813e+04 
3.192600000e-02 1.916900000e+04 1.906412995e+04 1.916584596e+04 1.894910270e+04 
3.238500000e-02 1.894100000e+04 1.887453930e+04 1.893894416e+04 1.872082017e+04 
3.285100000e-02 1.871200000e+04 1.868463426e+04 1.871112935e+04 1.849167366e+04 
3.332400000e-02 1.848200000e+04 1.849449542e+04 1.848240889e+04 1.826167090e+04 
3.380300000e-02 1.825100000e+04 1.830467636e+04 1.825280643e+04 1.803083114e+04 
3.429000000e-02 1.802000000e+04 1.811449742e+04 1.802327091e+04 1.780011357e+04 
3.478300000e-02 1.778800000e+04 1.792485657e+04 1.779287185e+04 1.756857379e+04 
3.528300000e-02 1.755700000e+04 1.773546686e+04 1.756353365e+04 1.733815480e+04 
3.579100000e-02 1.732500000e+04 1.754604064e+04 1.733332250e+04 1.710690562e+04 
3.630600000e-02 1.709500000e+04 1.735707650e+04 1.710514797e+04 1.687776038e+04 
3.682800000e-02 1.686500000e+04 1.716859916e+04 1.687708939e+04 1.664878017e+04 
3.735800000e-02 1.663700000e+04 1.698037718e+04 1.665106151e+04 1.642190006e+04 
3.789600000e-02 1.641000000e+04 1.679248257e+04 1.642610758e+04 1.619615478e+04 
3.844100000e-02 1.618600000e+04 1.660532367e+04 1.620415942e+04 1.597349366e+04 
3.899400000e-02 1.596300000e+04 1.641862752e+04 1.598329047e+04 1.575197283e+04 
3.955500000e-02 1.574300000e+04 1.623245432e+04 1.576541388e+04 1.553352793e+04 
4.012400000e-02 1.552600000e+04 1.604686228e+04 1.555052680e+04 1.531815903e+04 
4.070200000e-02 1.531200000e+04 1.586158455e+04 1.533861179e+04 1.510585380e+04 
4.128700000e-02 1.510200000e+04 1.567740061e+04 1.513064809e+04 1.489759487e+04 
4.188100000e-02 1.489500000e+04 1.549354531e+04 1.492564158e+04 1.469239638e+04 
4.248400000e-02 1.469200000e+04 1.531023543e+04 1.472454294e+04 1.449121640e+04 
4.309500000e-02 1.449300000e+04 1.512776157e+04 1.452735416e+04 1.429406023e+04 
4.371500000e-02 1.429900000e+04 1.494587710e+04 1.433499572e+04 1.410187012e+04 
4.434400000e-02 1.410900000e+04 1.476465439e+04 1.414651077e+04 1.391368090e+04 
4.498200000e-02 1.392300000e+04 1.458411586e+04 1.396188654e+04 1.372948650e+04 
4.562900000e-02 1.374300000e+04 1.440423540e+04 1.378298570e+04 1.355118775e+04 
4.628600000e-02 1.356700000e+04 1.422502783e+04 1.360790925e+04 1.337685568e+04 
4.695200000e-02 1.339600000e+04 1.404657260e+04 1.343757979e+04 1.320744414e+04 
4.762800000e-02 1.323000000e+04 1.386872724e+04 1.327196693e+04 1.304293170e+04 
4.831300000e-02 1.306900000e+04 1.369180152e+04 1.311106512e+04 1.288331573e+04 
4.900800000e-02 1.291300000e+04 1.351558057e+04 1.295483682e+04 1.272857375e+04 
4.971300000e-02 1.276100000e+04 1.334010915e+04 1.280232974e+04 1.257774764e+04 
5.042800000e-02 1.261500000e+04 1.316543666e+04 1.265537878e+04 1.243271313e+04 
5.115400000e-02 1.247300000e+04 1.299136456e+04 1.251208618e+04 1.229155937e+04 
5.189000000e-02 1.233600000e+04 1.281819132e+04 1.237337047e+04 1.215522361e+04 
5.263700000e-02 1.220400000e+04 1.264572327e+04 1.223918628e+04 1.202368064e+04 
5.339400000e-02 1.207600000e+04 1.247423972e+04 1.210860284e+04 1.189598617e+04 
5.416200000e-02 1.195100000e+04 1.230355868e+04 1.198066314e+04 1.177118548e+04 
5.494100000e-02 1.183000000e+04 1.213371522e+04 1.185626100e+04 1.165020165e+04 
5.573200000e-02 1.171300000e+04 1.196459037e+04 1.173535600e+04 1.153300903e+04 
5.653400000e-02 1.159800000e+04 1.179641329e+04 1.161611776e+04 1.141775027e+04 
5.734700000e-02 1.148600000e+04 1.162922186e+04 1.149943855e+04 1.130534586e+04 
5.817200000e-02 1.137600000e+04 1.146288196e+04 1.138437664e+04 1.119485157e+04 
5.900900000e-02 1.126800000e+04 1.129744872e+04 1.127091735e+04 1.108626345e+04 
5.985800000e-02 1.116100000e+04 1.113294635e+04 1.115814456e+04 1.097865840e+04 
6.072000000e-02 1.105400000e+04 1.096927756e+04 1.104513991e+04 1.087110942e+04 
6.159300000e-02 1.094800000e+04 1.080682226e+04 1.093283218e+04 1.076456076e+04 
6.248000000e-02 1.084100000e+04 1.064511380e+04 1.081937889e+04 1.065715729e+04 
6.337900000e-02 1.073300000e+04 1.048455882e+04 1.070483013e+04 1.054893709e+04 
6.429000000e-02 1.062400000e+04 1.032519548e+04 1.058919808e+04 1.043991490e+04 
6.521500000e-02 1.051300000e+04 1.016670987e+04 1.047157130e+04 1.032917975e+04 
6.615400000e-02 1.039900000e+04 1.000922517e+04 1.035110315e+04 1.021585610e+04 
6.710600000e-02 1.028200000e+04 9.852897521e+03 1.022784262e+04 1.009998696e+04 
6.807100000e-02 1.016100000e+04 9.697789909e+03 1.010095914e+04 9.980711449e+03 
6.905100000e-02 1.003600000e+04 9.543637517e+03 9.970458588e+03 9.858048209e+03 
7.004400000e-02 9.907400000e+03 9.390804762e+03 9.836783483e+03 9.732417606e+03 
7.105200000e-02 9.773500000e+03 9.239032838e+03 9.698478565e+03 9.602334505e+03 
7.207400000e-02 9.634500000e+03 9.088523069e+03 9.555810647e+03 9.468044146e+03 
7.311100000e-02 9.490400000e+03 8.939176249e+03 9.408831198e+03 9.329591448e+03 
7.416300000e-02 9.340800000e+03 8.791040415e+03 9.257278663e+03 9.186685945e+03 
7.523000000e-02 9.185900000e+03 8.644177600e+03 9.101410874e+03 9.039565597e+03 
7.631300000e-02 9.025700000e+03 8.498479409e+03 8.941289944e+03 8.888283335e+03 
7.741100000e-02 8.860200000e+03 8.354144825e+03 8.777034677e+03 8.732916832e+03 
7.852400000e-02 8.689900000e+03 8.211207564e+03 8.609156867e+03 8.573963324e+03 
7.965400000e-02 8.515000000e+03 8.069486435e+03 8.437875249e+03 8.411635153e+03 
8.080000000e-02 8.336100000e+03 7.929070292e+03 8.263788288e+03 8.246519266e+03 
8.196300000e-02 8.153700000e+03 7.789968208e+03 8.087388938e+03 8.079086306e+03 
8.314200000e-02 7.968400000e+03 7.652316642e+03 7.909272671e+03 7.909908651e+03 
8.433900000e-02 7.781100000e+03 7.515922819e+03 7.730204411e+03 7.739767799e+03 
8.555200000e-02 7.592400000e+03 7.381057572e+03 7.550785785e+03 7.569226970e+03 
8.678300000e-02 7.403500000e+03 7.247536374e+03 7.371996536e+03 7.399292272e+03 
8.803200000e-02 7.215100000e+03 7.115402864e+03 7.194443195e+03 7.230561503e+03 
8.929800000e-02 7.028200000e+03 6.984801811e+03 7.018977447e+03 7.063877078e+03 
9.058300000e-02 6.843600000e+03 6.855561078e+03 6.846206854e+03 6.899869191e+03 
9.188600000e-02 6.662500000e+03 6.727823116e+03 6.677099434e+03 6.739508672e+03 
9.320900000e-02 6.485600000e+03 6.601428340e+03 6.512144582e+03 6.583310875e+03 
9.455000000e-02 6.313900000e+03 6.476606216e+03 6.352130197e+03 6.432059697e+03 
9.591000000e-02 6.148200000e+03 6.353292570e+03 6.197602407e+03 6.286328120e+03 
9.729000000e-02 5.989200000e+03 6.231429956e+03 6.049010970e+03 6.146594409e+03 
9.869000000e-02 5.837600000e+03 6.111054837e+03 5.906806833e+03 6.013331088e+03 
1.001100000e-01 5.693900000e+03 5.992196815e+03 5.771270348e+03 5.886841803e+03 
1.015500000e-01 5.558400000e+03 5.874893453e+03 5.642520561e+03 5.767263506e+03 
1.030100000e-01 5.431400000e+03 5.759140971e+03 5.520653536e+03 5.654726710e+03 
1.044900000e-01 5.313200000e+03 5.644994484e+03 5.405768631e+03 5.549350465e+03 
1.060000000e-01 5.203600000e+03 5.531720564e+03 5.297385734e+03 5.450762629e+03 
1.075200000e-01 5.102500000e+03 5.420837797e+03 5.195689467e+03 5.358999676e+03 
1.090700000e-01 5.009400000e+03 5.310900062e+03 5.099794440e+03 5.273360639e+03 
1.106400000e-01 4.924000000e+03 5.202656659e+03 5.009551628e+03 5.193633261e+03 
1.122300000e-01 4.845600000e+03 5.096121258e+03 4.924347044e+03 5.119211095e+03 
1.138500000e-01 4.773300000e+03 4.990653864e+03 4.843247812e+03 5.049246940e+03 
1.154800000e-01 4.706400000e+03 4.887561711e+03 4.766068900e+03 4.983398380e+03 
1.171400000e-01 4.643700000e+03 4.785579138e+03 4.691524905e+03 4.920532540e+03 
1.188300000e-01 4.584200000e+03 4.684760060e+03 4.618888719e+03 4.859910458e+03 
1.205400000e-01 4.526600000e+03 4.585736376e+03 4.547471544e+03 4.800735016e+03 
1.222700000e-01 4.469700000e+03 4.488464404e+03 4.476474540e+03 4.742195491e+03 
1.240300000e-01 4.412100000e+03 4.392435261e+03 4.404838279e+03 4.683261061e+03 
1.258200000e-01 4.352700000e+03 4.297674867e+03 4.331918605e+03 4.623255150e+03 
1.276300000e-01 4.290600000e+03 4.204724798e+03 4.257437940e+03 4.561778165e+03 
1.294700000e-01 4.224700000e+03 4.113079221e+03 4.180631645e+03 4.498094962e+03 
1.313300000e-01 4.154400000e+03 4.023242404e+03 4.101473180e+03 4.432050612e+03 
1.332200000e-01 4.079000000e+03 3.934735081e+03 4.019504501e+03 4.363212939e+03 
1.351300000e-01 3.998100000e+03 3.848026372e+03 3.934865181e+03 4.291585503e+03 
1.370800000e-01 3.911700000e+03 3.762231831e+03 3.847355746e+03 4.217077120e+03 
1.390500000e-01 3.819900000e+03 3.678251280e+03 3.757617851e+03 4.140118654e+03 
1.410500000e-01 3.723400000e+03 3.595638098e+03 3.666032370e+03 4.061140787e+03 
1.430800000e-01 3.622800000e+03 3.514420409e+03 3.573112376e+03 3.980604554e+03 
1.451400000e-01 3.519100000e+03 3.434603592e+03 3.479555081e+03 3.899178811e+03 
1.472300000e-01 3.413800000e+03 3.356195463e+03 3.386284745e+03 3.817772951e+03 
1.493500000e-01 3.307900000e+03 3.279196746e+03 3.293909885e+03 3.736975747e+03 
1.515000000e-01 3.202800000e+03 3.203614774e+03 3.203205141e+03 3.657558304e+03 
1.536700000e-01 3.099900000e+03 3.129783245e+03 3.115054377e+03 3.580347642e+03 
1.558900000e-01 3.000500000e+03 3.056698242e+03 3.029563695e+03 3.505641545e+03 
1.581300000e-01 2.905800000e+03 2.985359466e+03 2.947746343e+03 3.434295398e+03 
1.604000000e-01 2.816800000e+03 2.915421161e+03 2.869795460e+03 3.366594577e+03 
1.627100000e-01 2.734200000e+03 2.846597510e+03 2.795748255e+03 3.302644940e+03 
1.650500000e-01 2.658700000e+03 2.779182140e+03 2.725913533e+03 3.242747440e+03 
1.674300000e-01 2.590300000e+03 2.712893788e+03 2.659961442e+03 3.186650714e+03 
1.698400000e-01 2.528900000e+03 2.648011108e+03 2.597819747e+03 3.134268231e+03 
1.722800000e-01 2.474100000e+03 2.584523538e+03 2.539142256e+03 3.085284294e+03 
1.747600000e-01 2.425200000e+03 2.522167282e+03 2.483330619e+03 3.039169959e+03 
1.772700000e-01 2.381400000e+03 2.461192756e+03 2.430069624e+03 2.995582031e+03 
1.798200000e-01 2.341500000e+03 2.401345388e+03 2.378630920e+03 2.953845870e+03 
1.824100000e-01 2.304200000e+03 2.342637669e+03 2.328452912e+03 2.913391926e+03 
1.850400000e-01 2.268000000e+03 2.285071612e+03 2.278951417e+03 2.873625313e+03 
1.877000000e-01 2.231800000e+03 2.228852975e+03 2.229878565e+03 2.834244163e+03 
1.904000000e-01 2.194100000e+03 2.173762123e+03 2.180626681e+03 2.794644539e+03 
1.931400000e-01 2.154100000e+03 2.119800769e+03 2.131018826e+03 2.754611296e+03 
1.959200000e-01 2.110800000e+03 2.066951437e+03 2.080835469e+03 2.713897472e+03 
1.987400000e-01 2.063900000e+03 2.015225699e+03 2.030132313e+03 2.672497891e+03 
2.016000000e-01 2.013200000e+03 1.964609521e+03 1.978988655e+03 2.630453294e+03 
2.045000000e-01 1.959100000e+03 1.915096806e+03 1.927667008e+03 2.587984217e+03 
2.074400000e-01 1.902200000e+03 1.866678363e+03 1.876464085e+03 2.545347838e+03 
2.104200000e-01 1.843400000e+03 1.819344176e+03 1.825728545e+03 2.502864112e+03 
2.134500000e-01 1.784000000e+03 1.772933564e+03 1.775759710e+03 2.460836211e+03 
2.165200000e-01 1.725200000e+03 1.727595163e+03 1.727007204e+03 2.419670285e+03 
2.196400000e-01 1.668100000e+03 1.683176286e+03 1.679623249e+03 2.379546136e+03 
2.228000000e-01 1.613800000e+03 1.639812748e+03 1.633933793e+03 2.340770007e+03 
2.260000000e-01 1.563300000e+03 1.597489299e+03 1.590087836e+03 2.303510800e+03 
2.292600000e-01 1.517200000e+03 1.555940138e+03 1.547918230e+03 2.267660633e+03 
2.325500000e-01 1.475500000e+03 1.515538009e+03 1.507616281e+03 2.233383216e+03 
2.359000000e-01 1.438200000e+03 1.475903494e+03 1.468786278e+03 2.200362355e+03 
2.392900000e-01 1.404900000e+03 1.437269387e+03 1.431446975e+03 2.168602719e+03 
2.427400000e-01 1.374700000e+03 1.399399466e+03 1.395172605e+03 2.137736188e+03 
2.462300000e-01 1.346800000e+03 1.362508269e+03 1.359954070e+03 2.107730286e+03 
2.497700000e-01 1.320100000e+03 1.326475003e+03 1.325491534e+03 2.078308163e+03 
2.533700000e-01 1.293500000e+03 1.291195133e+03 1.291531923e+03 2.049224238e+03 
2.570100000e-01 1.266100000e+03 1.256854832e+03 1.258132608e+03 2.020501496e+03 
2.607100000e-01 1.237300000e+03 1.223254864e+03 1.225087777e+03 1.991941878e+03 
2.644600000e-01 1.206700000e+03 1.190479898e+03 1.192475366e+03 1.963591790e+03 
2.682700000e-01 1.174100000e+03 1.158436081e+03 1.160249434e+03 1.935391532e+03 
2.721300000e-01 1.140100000e+03 1.127198112e+03 1.128601229e+03 1.907508550e+03 
2.760400000e-01 1.105100000e+03 1.096754288e+03 1.097605457e+03 1.879994115e+03 
2.800100000e-01 1.070000000e+03 1.067017129e+03 1.067301879e+03 1.852891833e+03 
2.840400000e-01 1.035500000e+03 1.037980998e+03 1.037759750e+03 1.826263395e+03 
2.881300000e-01 1.002600000e+03 1.009639736e+03 1.009054460e+03 1.800182266e+03 
2.922800000e-01 9.717200000e+02 9.819861568e+02 9.811920639e+02 1.774666411e+03 
2.964800000e-01 9.433100000e+02 9.550748594e+02 9.542298227e+02 1.749776591e+03 
3.007500000e-01 9.173800000e+02 9.287695078e+02 9.280116070e+02 1.725382157e+03 
3.050700000e-01 8.937200000e+02 9.031852578e+02 9.026029038e+02 1.701549393e+03 
3.094600000e-01 8.718500000e+02 8.781919952e+02 8.778320981e+02 1.678128993e+03 
3.139200000e-01 8.511400000e+02 8.537888749e+02 8.536505697e+02 1.655072317e+03 
3.184300000e-01 8.309300000e+02 8.300725844e+02 8.301136862e+02 1.632441861e+03 
3.230100000e-01 8.106300000e+02 8.069285513e+02 8.070910375e+02 1.610105038e+03 
3.276600000e-01 7.898100000e+02 7.843509903e+02 7.845698627e+02 1.588048519e+03 
3.323800000e-01 7.682800000e+02 7.623343533e+02 7.625514937e+02 1.566269291e+03 
3.371600000e-01 7.461300000e+02 7.409154458e+02 7.410884740e+02 1.544819657e+03 
3.420100000e-01 7.236500000e+02 7.200400086e+02 7.201485377e+02 1.523663595e+03 
3.469300000e-01 7.012600000e+02 6.997006753e+02 6.997430273e+02 1.502812979e+03 
3.519200000e-01 6.794500000e+02 6.798896283e+02 6.798788724e+02 1.482277951e+03 
3.569900000e-01 6.586500000e+02 6.605612429e+02 6.605192561e+02 1.462022027e+03 
3.621200000e-01 6.390900000e+02 6.417831237e+02 6.417301508e+02 1.442125002e+03 
3.673300000e-01 6.208500000e+02 6.234731933e+02 6.234271487e+02 1.422502016e+03 
3.726200000e-01 6.038200000e+02 6.056261459e+02 6.055979510e+02 1.403144730e+03 
3.779800000e-01 5.877000000e+02 5.882686627e+02 5.882607936e+02 1.384081814e+03 
3.834200000e-01 5.721500000e+02 5.713606077e+02 5.713702564e+02 1.365267398e+03 
3.889300000e-01 5.568200000e+02 5.549243478e+02 5.549447446e+02 1.346729706e+03 
3.945300000e-01 5.414500000e+02 5.388939332e+02 5.389180483e+02 1.328399906e+03 
4.002100000e-01 5.259700000e+02 5.232925314e+02 5.233145965e+02 1.310307105e+03 
4.059700000e-01 5.104200000e+02 5.081139439e+02 5.081304800e+02 1.292447140e+03 
4.118100000e-01 4.949600000e+02 4.933495172e+02 4.933595259e+02 1.274828505e+03 
4.177300000e-01 4.798600000e+02 4.789919634e+02 4.789966200e+02 1.257444005e+03 
4.237400000e-01 4.653000000e+02 4.650106733e+02 4.650120072e+02 1.240266400e+03 
4.298400000e-01 4.514300000e+02 4.514004164e+02 4.514005331e+02 1.223294959e+03 
4.360200000e-01 4.382900000e+02 4.381765025e+02 4.381768838e+02 1.206553392e+03 
4.423000000e-01 4.257600000e+02 4.252904261e+02 4.252917636e+02 1.189987714e+03 
4.486600000e-01 4.137000000e+02 4.127771043e+02 4.127793225e+02 1.173647889e+03 
4.551200000e-01 4.019400000e+02 4.005912998e+02 4.005940212e+02 1.157479211e+03 
4.616600000e-01 3.903300000e+02 3.887631168e+02 3.887657587e+02 1.141536046e+03 
4.683100000e-01 3.788300000e+02 3.772339468e+02 3.772361827e+02 1.125741048e+03 
4.750500000e-01 3.674600000e+02 3.660333373e+02 3.660349892e+02 1.110143612e+03 
4.818800000e-01 3.563200000e+02 3.551546794e+02 3.551557887e+02 1.094740191e+03 
4.888100000e-01 3.455000000e+02 3.445755342e+02 3.445762536e+02 1.079508776e+03 
4.958500000e-01 3.350800000e+02 3.342767596e+02 3.342772675e+02 1.064428358e+03 
5.029800000e-01 3.250800000e+02 3.242817256e+02 3.242821334e+02 1.049544878e+03 
5.102200000e-01 3.154600000e+02 3.145571127e+02 3.145574829e+02 1.034811238e+03 
5.175600000e-01 3.061600000e+02 3.051113750e+02 3.051117180e+02 1.020252008e+03 
5.250100000e-01 2.970800000e+02 2.959265969e+02 2.959268958e+02 1.005844449e+03 
5.325600000e-01 2.882000000e+02 2.870100544e+02 2.870102972e+02 9.916082919e+02 
5.402200000e-01 2.794900000e+02 2.783445157e+02 2.783446985e+02 9.775259901e+02 
5.480000000e-01 2.709700000e+02 2.699146405e+02 2.699147711e+02 9.635823717e+02 
5.558800000e-01 2.627000000e+02 2.617374794e+02 2.617375712e+02 9.498107475e+02 
5.638800000e-01 2.546900000e+02 2.537870241e+02 2.537870899e+02 9.361787726e+02 
5.719900000e-01 2.469600000e+02 2.460691736e+02 2.460692228e+02 9.227010957e+02 
5.802200000e-01 2.394800000e+02 2.385697103e+02 2.385697482e+02 9.093650501e+02 
5.885700000e-01 2.322300000e+02 2.312847437e+02 2.312847730e+02 8.961690085e+02 
5.970400000e-01 2.251700000e+02 2.242098402e+02 2.242098623e+02 8.831175502e+02 
6.056300000e-01 2.182800000e+02 2.173404393e+02 2.173404552e+02 8.702165129e+02 
6.143400000e-01 2.115700000e+02 2.106740089e+02 2.106740199e+02 8.574439484e+02 
6.231800000e-01 2.050500000e+02 2.041970529e+02 2.041970604e+02 8.448107972e+02 
6.321500000e-01 1.987200000e+02 1.979067932e+02 1.979067984e+02 8.323092038e+02 
6.412400000e-01 1.926000000e+02 1.918060423e+02 1.918060459e+02 8.199555591e+02 
6.504700000e-01 1.866700000e+02 1.858779327e+02 1.858779351e+02 8.077194859e+02 
6.598300000e-01 1.809100000e+02 1.801249668e+02 1.801249685e+02 7.956233025e+02 
6.693200000e-01 1.753200000e+02 1.745438422e+02 1.745438434e+02 7.836627077e+02 
6.789500000e-01 1.698700000e+02 1.691249572e+02 1.691249580e+02 7.718279379e+02 
6.887200000e-01 1.645900000e+02 1.638651570e+02 1.638651575e+02 7.601192552e+02 
6.986300000e-01 1.594600000e+02 1.587611294e+02 1.587611297e+02 7.485398113e+02 
7.086800000e-01 1.544900000e+02 1.538095477e+02 1.538095479e+02 7.370890303e+02 
7.188800000e-01 1.496700000e+02 1.490024380e+02 1.490024382e+02 7.257586223e+02 
7.292200000e-01 1.449900000e+02 1.443413183e+02 1.443413183e+02 7.145600699e+02 
7.397200000e-01 1.404500000e+02 1.398142846e+02 1.398142846e+02 7.034745533e+02 
7.503600000e-01 1.360400000e+02 1.354271705e+02 1.354271705e+02 6.925208563e+02 
7.611600000e-01 1.317600000e+02 1.311685502e+02 1.311685503e+02 6.816848740e+02 
7.721100000e-01 1.276100000e+02 1.270396725e+02 1.270396725e+02 6.709753546e+02 
7.832200000e-01 1.235900000e+02 1.230339398e+02 1.230339398e+02 6.603839059e+02 
7.944900000e-01 1.196900000e+02 1.191487401e+02 1.191487401e+02 6.499127132e+02 
8.059200000e-01 1.159100000e+02 1.153814183e+02 1.153814183e+02 6.395620436e+02 
8.175100000e-01 1.122400000e+02 1.117292688e+02 1.117292688e+02 6.293345790e+02 
8.292800000e-01 1.086800000e+02 1.081837576e+02 1.081837576e+02 6.192118103e+02 
8.412100000e-01 1.052200000e+02 1.047484499e+02 1.047484499e+02 6.092159929e+02 
8.533100000e-01 1.018800000e+02 1.014179678e+02 1.014179678e+02 5.993368702e+02 
8.655900000e-01 9.863000000e+01 9.818730662e+01 9.818730662e+01 5.895685845e+02 
8.780400000e-01 9.548300000e+01 9.505683675e+01 9.505683675e+01 5.799217521e+02 
8.906800000e-01 9.243200000e+01 9.201942371e+01 9.201942371e+01 5.703797012e+02 
9.034900000e-01 8.947400000e+01 8.907768316e+01 8.907768316e+01 5.609612730e+02 
9.164900000e-01 8.660600000e+01 8.622486919e+01 8.622486919e+01 5.516519533e+02 
9.296800000e-01 8.382700000e+01 8.345907009e+01 8.345907009e+01 5.424532597e+02 
9.430500000e-01 8.113400000e+01 8.078032727e+01 8.078032727e+01 5.333730982e+02 
9.566200000e-01 7.852400000e+01 7.818268537e+01 7.818268537e+01 5.243976653e+02 
9.703900000e-01 7.599400000e+01 7.566431595e+01 7.566431595e+01 5.155333958e+02 
9.843500000e-01 7.354200000e+01 7.322529161e+01 7.322529161e+01 5.067827360e+02 
9.985100000e-01 7.116600000e+01 7.086183412e+01 7.086183412e+01 4.981461674e+02 
1.012900000e+00 6.886400000e+01 6.856781254e+01 6.856781254e+01 4.895956719e+02 
