9.920100000000e-04 3.815200000000e+03 3.815199936685e+03 3.815123397603e+03 -5.644924543119e-02 -1.323994496835e-03 -4.852271793452e-01 -6.550777367192e-02 -1.609838366178e+00 6.261714474397e-03
1.006300000000e-03 3.866000000000e+03 3.865999938988e+03 3.865920135399e+03 -5.805483953536e-02 -1.402100938672e-03 -5.059305142049e-01 -6.740755504143e-02 -1.656489795476e+00 6.617851346287e-03
1.020800000000e-03 3.917500000000e+03 3.917499940131e+03 3.917416734088e+03 -5.970562781294e-02 -1.484841299547e-03 -5.275188586128e-01 -6.936296469667e-02 -1.704505172975e+00 6.994182065317e-03
1.035500000000e-03 3.969700000000e+03 3.969699938745e+03 3.969613190363e+03 -6.140131389525e-02 -1.572411651699e-03 -5.500133798916e-01 -7.137383497229e-02 -1.753880204064e+00 7.391483280598e-03
1.050400000000e-03 4.022500000000e+03 4.022499937791e+03 4.022409498537e+03 -6.314273091199e-02 -1.665067026438e-03 -5.734502664283e-01 -7.344133378592e-02 -1.804643382174e+00 7.810822661026e-03
1.065500000000e-03 4.075900000000e+03 4.075899937183e+03 4.075805652860e+03 -6.493071751939e-02 -1.763073609373e-03 -5.978661325223e-01 -7.556664474305e-02 -1.856823576686e+00 8.253311750737e-03
1.080800000000e-03 4.130100000000e+03 4.130099929821e+03 4.130001648935e+03 -6.676610672722e-02 -1.866718973216e-03 -6.232891987584e-01 -7.775096709975e-02 -1.910450029073e+00 8.720113430645e-03
1.096300000000e-03 4.184800000000e+03 4.184799925787e+03 4.184697483313e+03 -6.864972866290e-02 -1.976309645580e-03 -6.497418033758e-01 -7.999551576586e-02 -1.965552353417e+00 9.212441265883e-03
1.112100000000e-03 4.240300000000e+03 4.240299927140e+03 4.240193124193e+03 -7.059480812660e-02 -2.092918322569e-03 -6.774263572528e-01 -8.231631404033e-02 -2.022523662607e+00 9.734931258427e-03
1.128100000000e-03 4.296500000000e+03 4.296499924581e+03 4.296388591165e+03 -7.259012242369e-02 -2.216184330394e-03 -7.062186145228e-01 -8.470023847303e-02 -2.081041537047e+00 1.028580662826e-02
1.144400000000e-03 4.353300000000e+03 4.353299935260e+03 4.353183846257e+03 -7.464924312043e-02 -2.347271629963e-03 -7.363598358257e-01 -8.716377986411e-02 -2.141510496963e+00 1.087011512064e-02
1.160800000000e-03 4.410900000000e+03 4.410899923823e+03 4.410778939530e+03 -7.674776508646e-02 -2.484931977120e-03 -7.675320818554e-01 -8.967799855418e-02 -2.203219944363e+00 1.148213843490e-02
1.177500000000e-03 4.469100000000e+03 4.469099925493e+03 4.468973805561e+03 -7.891213156094e-02 -2.631232772145e-03 -8.001513935134e-01 -9.227486170903e-02 -2.266954214123e+00 1.213086352723e-02
1.194500000000e-03 4.528100000000e+03 4.528099932624e+03 4.527968436900e+03 -8.114369054526e-02 -2.786695293411e-03 -8.342656558373e-01 -9.495635784106e-02 -2.332761758284e+00 1.281834680847e-02
1.211600000000e-03 4.587800000000e+03 4.587799919283e+03 4.587662890988e+03 -8.341704520654e-02 -2.949915675102e-03 -8.695102788973e-01 -9.769228225878e-02 -2.399901013746e+00 1.353815699870e-02
1.229100000000e-03 4.648200000000e+03 4.648199930587e+03 4.648057061609e+03 -8.577319815879e-02 -3.124261570680e-03 -9.065605693167e-01 -1.005323386862e-01 -2.469591350501e+00 1.430491901816e-02
1.246800000000e-03 4.709300000000e+03 4.709299936133e+03 4.709151004565e+03 -8.818660219099e-02 -3.308328866867e-03 -9.450621447921e-01 -1.034461437707e-01 -2.541086805015e+00 1.511220977350e-02
1.264700000000e-03 4.771200000000e+03 4.771199930386e+03 4.771044712009e+03 -9.065812327885e-02 -3.502606023756e-03 -9.850651787545e-01 -1.064350993938e-01 -2.614421425892e+00 1.596192880052e-02
1.282900000000e-03 4.833900000000e+03 4.833899929099e+03 4.833738140251e+03 -9.320268442019e-02 -3.708768192181e-03 -1.026847929382e+00 -1.095176800250e-01 -2.690048079026e+00 1.686109409406e-02
1.301400000000e-03 4.897200000000e+03 4.897199942477e+03 4.897031279139e+03 -9.582166561781e-02 -3.927505295520e-03 -1.070475531531e+00 -1.126960497522e-01 -2.768019387120e+00 1.781236971843e-02
1.320100000000e-03 4.961400000000e+03 4.961399937902e+03 4.961224156317e+03 -9.850203382608e-02 -4.158279338137e-03 -1.115772639270e+00 -1.159548563824e-01 -2.847958282876e+00 1.881309054187e-02
1.339100000000e-03 5.026300000000e+03 5.026299942632e+03 5.026116723464e+03 -1.012592512069e-01 -4.402997141683e-03 -1.163046979098e+00 -1.193133806496e-01 -2.930337252220e+00 1.987119936131e-02
1.358300000000e-03 5.092000000000e+03 5.091999932731e+03 5.091809009191e+03 -1.040799347517e-01 -4.661070884639e-03 -1.212116973838e+00 -1.227558226838e-01 -3.014768259153e+00 2.098381707492e-02
1.377900000000e-03 5.158500000000e+03 5.158499945333e+03 5.158300921283e+03 -1.069948567196e-01 -4.936020047633e-03 -1.263569778125e+00 -1.263203295298e-01 -3.102186345472e+00 2.216570305699e-02
1.397700000000e-03 5.225800000000e+03 5.225799942147e+03 5.225592530502e+03 -1.099756576480e-01 -5.225913324645e-03 -1.316955908705e+00 -1.299728479457e-01 -3.191755770267e+00 2.340810160941e-02
1.417800000000e-03 5.293800000000e+03 5.293799947883e+03 5.293583784020e+03 -1.130385035267e-01 -5.533035997046e-03 -1.372612136252e+00 -1.337337853784e-01 -3.283976405303e+00 2.472036299724e-02
1.438200000000e-03 5.362700000000e+03 5.362699950474e+03 5.362474669063e+03 -1.161847814645e-01 -5.858344338841e-03 -1.430620392052e+00 -1.376055268211e-01 -3.378906072240e+00 2.610609015222e-02
1.458900000000e-03 5.432400000000e+03 5.432399955533e+03 5.432165172346e+03 -1.194158793017e-01 -6.202838361483e-03 -1.491065865346e+00 -1.415904920655e-01 -3.476603408837e+00 2.756904470867e-02
1.479900000000e-03 5.502800000000e+03 5.502799969334e+03 5.502555280019e+03 -1.227331807279e-01 -6.567565895553e-03 -1.554037362659e+00 -1.456911356977e-01 -3.577127868236e+00 2.911314939021e-02
1.501200000000e-03 5.574200000000e+03 5.574199971855e+03 5.573944977114e+03 -1.261380534824e-01 -6.953636938647e-03 -1.619630833812e+00 -1.499099468897e-01 -3.680539705397e+00 3.074250937301e-02
1.522800000000e-03 5.646300000000e+03 5.646299982383e+03 5.646034247999e+03 -1.296318575130e-01 -7.362214001143e-03 -1.687946508734e+00 -1.542494495188e-01 -3.786899984945e+00 3.246140255060e-02
1.544700000000e-03 5.719300000000e+03 5.719299986752e+03 5.719023077283e+03 -1.332159468534e-01 -7.794512233957e-03 -1.759083158991e+00 -1.587122020746e-01 -3.896270576135e+00 3.427428815188e-02
1.566900000000e-03 5.793100000000e+03 5.793099991174e+03 5.792811451031e+03 -1.368916678943e-01 -8.251805288396e-03 -1.833130447422e+00 -1.633007974601e-01 -4.008714140107e+00 3.618582636159e-02
1.589500000000e-03 5.867800000000e+03 5.867800012545e+03 5.867499300809e+03 -1.406772054643e-01 -8.737617109700e-03 -1.910525313888e+00 -1.680389772132e-01 -4.124811461408e+00 3.820999856762e-02
1.612400000000e-03 5.943300000000e+03 5.943300033534e+03 5.942986662381e+03 -1.445574224145e-01 -9.251337255461e-03 -1.991040949932e+00 -1.729088929605e-01 -4.244124157300e+00 4.034345556222e-02
1.635600000000e-03 6.019700000000e+03 6.019700045380e+03 6.019373516886e+03 -1.485336181941e-01 -9.794446515761e-03 -2.074798244141e+00 -1.779132525398e-01 -4.366717542768e+00 4.259150969621e-02
1.659100000000e-03 6.096900000000e+03 6.096900054796e+03 6.096559844701e+03 -1.526070779466e-01 -1.036848837404e-02 -2.161922977704e+00 -1.830547982127e-01 -4.492657725967e+00 4.495968029277e-02
1.683000000000e-03 6.175000000000e+03 6.175000080137e+03 6.174645567273e+03 -1.567966968495e-01 -1.097768069981e-02 -2.252916782088e+00 -1.883586553749e-01 -4.622558927841e+00 4.746440242109e-02
1.707200000000e-03 6.254100000000e+03 6.254100084520e+03 6.253730725703e+03 -1.610864889642e-01 -1.162133416475e-02 -2.347519006100e+00 -1.938059231020e-01 -4.755956952568e+00 5.010182839241e-02
1.731700000000e-03 6.334000000000e+03 6.334000083256e+03 6.333615303399e+03 -1.654776851382e-01 -1.230122004650e-02 -2.445836680214e+00 -1.993994577897e-01 -4.892920514797e+00 5.287821874492e-02
1.756700000000e-03 6.414700000000e+03 6.414700135051e+03 6.414299151954e+03 -1.700079212860e-01 -1.302511370113e-02 -2.548817436345e+00 -2.051887915959e-01 -5.034660951625e+00 5.582411889948e-02
1.781900000000e-03 6.496400000000e+03 6.496400131744e+03 6.495982444251e+03 -1.746242981431e-01 -1.378647438870e-02 -2.655360408973e+00 -2.111078811863e-01 -5.179559847462e+00 5.891168958966e-02
1.807600000000e-03 6.579000000000e+03 6.579000172341e+03 6.578564959334e+03 -1.793832104458e-01 -1.459661607065e-02 -2.766876114855e+00 -2.172306739617e-01 -5.329425882011e+00 6.218553527318e-02
1.833600000000e-03 6.662500000000e+03 6.662500194375e+03 6.662046804389e+03 -1.842493266207e-01 -1.545179319259e-02 -2.882682066552e+00 -2.235135547203e-01 -5.483189755082e+00 6.562909824780e-02
1.860000000000e-03 6.746900000000e+03 6.746900228394e+03 6.746427880835e+03 -1.892427356123e-01 -1.635776885298e-02 -3.003407966490e+00 -2.299842674288e-01 -5.641528748575e+00 6.926416356529e-02
1.886700000000e-03 6.832300000000e+03 6.832300229341e+03 6.831808232322e+03 -1.943458613398e-01 -1.731369125949e-02 -3.128776414223e+00 -2.366219249147e-01 -5.803929969283e+00 7.308582959162e-02
1.913900000000e-03 6.918600000000e+03 6.918600274056e+03 6.918087686951e+03 -1.995985114045e-01 -1.832967459186e-02 -3.259886390097e+00 -2.434804521267e-01 -5.971710764088e+00 7.713283374169e-02
1.941400000000e-03 7.005800000000e+03 7.005800292917e+03 7.005266372461e+03 -2.049636038083e-01 -1.940133233231e-02 -3.395925156183e+00 -2.505136788650e-01 -6.143739562620e+00 8.138592768975e-02
1.969300000000e-03 7.093900000000e+03 7.093900319182e+03 7.093344187967e+03 -2.104618453336e-01 -2.053554370043e-02 -3.537538749752e+00 -2.577509571897e-01 -6.320732234840e+00 8.587063503354e-02
1.997700000000e-03 7.183000000000e+03 7.183000377591e+03 7.182421017084e+03 -2.161146772325e-01 -2.174002720425e-02 -3.685471713959e+00 -2.652231591742e-01 -6.503441303189e+00 9.061539626247e-02
2.026400000000e-03 7.273000000000e+03 7.273000403943e+03 7.272396987006e+03 -2.218836799801e-01 -2.300984444612e-02 -3.838913307343e+00 -2.728821044284e-01 -6.690686238165e+00 9.559869101667e-02
2.055600000000e-03 7.364000000000e+03 7.364000460550e+03 7.363371896995e+03 -2.278103788525e-01 -2.435756887498e-02 -3.999147263697e+00 -2.807856711270e-01 -6.883879480941e+00 1.008676619088e-01
2.085100000000e-03 7.455900000000e+03 7.455900479669e+03 7.455245891154e+03 -2.338554292954e-01 -2.577787432683e-02 -4.165256123023e+00 -2.888842854095e-01 -7.081806574457e+00 1.063991284415e-01
2.115100000000e-03 7.548800000000e+03 7.548800526326e+03 7.548118765292e+03 -2.400609995019e-01 -2.728447237292e-02 -4.338547194815e+00 -2.972374782762e-01 -7.285919627736e+00 1.122440357467e-01
2.145600000000e-03 7.642700000000e+03 7.642700600490e+03 7.641990478997e+03 -2.464287767306e-01 -2.888228334052e-02 -4.519281428564e+00 -3.058511220638e-01 -7.496358817671e+00 1.184186397705e-01
2.176500000000e-03 7.737600000000e+03 7.737600658274e+03 7.736861081607e+03 -2.529391948365e-01 -3.057090393281e-02 -4.707145546956e+00 -3.147023345578e-01 -7.712561810584e+00 1.249184942182e-01
2.207800000000e-03 7.833400000000e+03 7.833400710631e+03 7.832630531847e+03 -2.595932004026e-01 -3.235503488020e-02 -4.902405185544e+00 -3.237959391381e-01 -7.934643176590e+00 1.317588174708e-01
2.239500000000e-03 7.930200000000e+03 7.930200739803e+03 7.929398789557e+03 -2.663916385240e-01 -3.423960718584e-02 -5.105319244549e+00 -3.331368177692e-01 -8.162718730403e+00 1.389554348015e-01
2.271800000000e-03 8.027900000000e+03 8.027900850941e+03 8.027065606940e+03 -2.733787025831e-01 -3.624243865221e-02 -5.317474644046e+00 -3.427901048176e-01 -8.398374838474e+00 1.465728447890e-01
2.304400000000e-03 8.126700000000e+03 8.126700871257e+03 8.125831248253e+03 -2.804904239285e-01 -3.835071382856e-02 -5.537184655274e+00 -3.526717896634e-01 -8.639556671409e+00 1.545587716903e-01
2.337600000000e-03 8.226400000000e+03 8.226400971655e+03 8.225495358708e+03 -2.877930453949e-01 -4.058993030541e-02 -5.766722090368e+00 -3.628785390529e-01 -8.888619381107e+00 1.630060032611e-01
2.371200000000e-03 8.327200000000e+03 8.327201020446e+03 8.326258113903e+03 -2.952435296129e-01 -4.295338478669e-02 -6.004968564899e+00 -3.733553205820e-01 -9.144215461693e+00 1.718851296430e-01
2.405400000000e-03 8.428900000000e+03 8.428901148609e+03 8.427919247690e+03 -3.028870458150e-01 -4.546225989795e-02 -6.253631214026e+00 -3.841710488346e-01 -9.408021336335e+00 1.812714027579e-01
2.440000000000e-03 8.531700000000e+03 8.531701217031e+03 8.530678928615e+03 -3.106795576175e-01 -4.810935469353e-02 -6.511634290318e+00 -3.952691116874e-01 -9.678651082005e+00 1.911332329472e-01
2.475100000000e-03 8.635400000000e+03 8.635401308503e+03 8.634336980288e+03 -3.186438467599e-01 -5.090965019572e-02 -6.780108554991e+00 -4.066876340203e-01 -9.957029324052e+00 2.015217496420e-01
2.510700000000e-03 8.740100000000e+03 8.740101402342e+03 8.738993341960e+03 -3.267802771184e-01 -5.387130262346e-02 -7.059445873173e+00 -4.184334305146e-01 -1.024331662291e+01 2.124621196501e-01
2.546800000000e-03 8.845800000000e+03 8.845801494757e+03 8.844647965630e+03 -3.350890295130e-01 -5.700287560298e-02 -7.349958951239e+00 -4.305134062161e-01 -1.053767540374e+01 2.239805345506e-01
2.583400000000e-03 8.952600000000e+03 8.952601561485e+03 8.951400804688e+03 -3.435701196549e-01 -6.031330286167e-02 -7.651952239978e+00 -4.429345573067e-01 -1.084027001266e+01 2.361041980413e-01
2.620600000000e-03 9.060300000000e+03 9.060301696934e+03 9.059051671860e+03 -3.522467705611e-01 -6.382156014504e-02 -7.966630578050e+00 -4.557386319980e-01 -1.115211072429e+01 2.488964042901e-01
2.658300000000e-03 9.169100000000e+03 9.169101798242e+03 9.167800629254e+03 -3.610954824615e-01 -6.752863968169e-02 -8.293600242995e+00 -4.688991272083e-01 -1.147254494527e+01 2.623541497193e-01
2.696600000000e-03 9.278800000000e+03 9.278801963963e+03 9.277447468462e+03 -3.701393401796e-01 -7.145526758211e-02 -8.634200449763e+00 -4.824589813429e-01 -1.180261070550e+01 2.765457831723e-01
2.735400000000e-03 9.389600000000e+03 9.389602084936e+03 9.388192256456e+03 -3.793541048319e-01 -7.560259916454e-02 -8.988006738887e+00 -4.963909251883e-01 -1.214163642181e+01 2.914681763640e-01
2.774700000000e-03 9.501400000000e+03 9.501402175216e+03 9.499934928274e+03 -3.887386979582e-01 -7.998191082309e-02 -9.355440500874e+00 -5.107024396998e-01 -1.248979632005e+01 3.071544274019e-01
2.814700000000e-03 9.614200000000e+03 9.614202361400e+03 9.612675115569e+03 -3.983399448436e-01 -8.462865326592e-02 -9.738868681978e+00 -5.254754784837e-01 -1.284907514478e+01 3.237232087877e-01
2.855200000000e-03 9.728000000000e+03 9.728002506740e+03 9.726413048597e+03 -4.081086035653e-01 -8.953339439643e-02 -1.013682324491e+01 -5.406454189892e-01 -1.321789186008e+01 3.411320313207e-01
2.896200000000e-03 9.842800000000e+03 9.842802601980e+03 9.841148675136e+03 -4.180427931979e-01 -9.470906379628e-02 -1.054964825925e+01 -5.562200435038e-01 -1.359642665522e+01 3.594180396430e-01
2.937900000000e-03 9.958600000000e+03 9.958602781061e+03 9.956881612152e+03 -4.281891359794e-01 -1.001959666163e-01 -1.097980956867e+01 -5.722848109140e-01 -1.398674626448e+01 3.787139268603e-01
2.980200000000e-03 1.007500000000e+04 1.007500307564e+04 1.007321190943e+04 -4.385212528361e-01 -1.059975617050e-01 -1.142699106109e+01 -5.888116209567e-01 -1.438815662643e+01 3.990211616376e-01
3.023100000000e-03 1.019300000000e+04 1.019300321442e+04 1.019113944263e+04 -4.490365946920e-01 -1.121303823095e-01 -1.189198989393e+01 -6.058102201869e-01 -1.480088309002e+01 4.203867267849e-01
3.066600000000e-03 1.031200000000e+04 1.031200334478e+04 1.031006409732e+04 -4.597322583401e-01 -1.186116830857e-01 -1.237554283316e+01 -6.232904822195e-01 -1.522515349642e+01 4.428593777747e-01
3.110700000000e-03 1.043200000000e+04 1.043200345798e+04 1.042998581797e+04 -4.706049219640e-01 -1.254595575349e-01 -1.287802113336e+01 -6.412624052946e-01 -1.566119800436e+01 4.664897027095e-01
3.155400000000e-03 1.055300000000e+04 1.055300354434e+04 1.055090456601e+04 -4.816508760808e-01 -1.326928742944e-01 -1.339969139172e+01 -6.597361135114e-01 -1.610924918645e+01 4.913301581307e-01
3.200800000000e-03 1.067400000000e+04 1.067400398245e+04 1.067182009380e+04 -4.928907770239e-01 -1.403485296042e-01 -1.394215973807e+01 -6.787640609477e-01 -1.657056498805e+01 5.174937893572e-01
3.246900000000e-03 1.079700000000e+04 1.079700416107e+04 1.079473227051e+04 -5.043201258783e-01 -1.484492962932e-01 -1.450627120300e+01 -6.983584051145e-01 -1.704542455522e+01 5.450434153060e-01
3.293600000000e-03 1.092100000000e+04 1.092100428478e+04 1.091864114884e+04 -5.159090978491e-01 -1.570002759084e-01 -1.509169015164e+01 -7.184880689138e-01 -1.753305907229e+01 5.739812168647e-01
3.341000000000e-03 1.104600000000e+04 1.104600442750e+04 1.104354640490e+04 -5.276769497996e-01 -1.660434931154e-01 -1.570050303574e+01 -7.392077325853e-01 -1.803477671295e+01 6.044334217498e-01
3.389100000000e-03 1.117100000000e+04 1.117100492348e+04 1.116844792163e+04 -5.396175583870e-01 -1.756049590876e-01 -1.633347304406e+01 -7.605300382393e-01 -1.855086565624e+01 6.364701328535e-01
3.437800000000e-03 1.129800000000e+04 1.129800499132e+04 1.129534579348e+04 -5.516994357751e-01 -1.856906708773e-01 -1.699000288843e+01 -7.824225292284e-01 -1.908052230307e+01 6.700938116893e-01
3.487300000000e-03 1.142600000000e+04 1.142600513520e+04 1.142323949075e+04 -5.639648812885e-01 -1.963704070620e-01 -1.767351267452e+01 -8.049880833232e-01 -1.962621597729e+01 7.055178912824e-01
3.537500000000e-03 1.155400000000e+04 1.155400562581e+04 1.155112911835e+04 -5.763810793411e-01 -2.076535711533e-01 -1.838334552224e+01 -8.281952063289e-01 -2.018716368816e+01 7.427527309359e-01
3.588400000000e-03 1.168400000000e+04 1.168400570878e+04 1.168101457098e+04 -5.889393905581e-01 -2.195710966376e-01 -1.912019565558e+01 -8.520572100438e-01 -2.076366566143e+01 7.818793435300e-01
3.640000000000e-03 1.181400000000e+04 1.181400612800e+04 1.181089571560e+04 -6.016304397413e-01 -2.321553374576e-01 -1.988493178620e+01 -8.765875694498e-01 -2.135602483664e+01 8.229815801992e-01
3.692400000000e-03 1.194500000000e+04 1.194500659312e+04 1.194177215926e+04 -6.144685609714e-01 -2.454659817661e-01 -2.068009046942e+01 -9.018484665303e-01 -2.196571823171e+01 8.662302307171e-01
3.745500000000e-03 1.207800000000e+04 1.207800656562e+04 1.207464397264e+04 -6.274182239842e-01 -2.595144048677e-01 -2.150522537497e+01 -9.278065216522e-01 -2.259191458409e+01 9.116371677492e-01
3.799400000000e-03 1.221100000000e+04 1.221100695883e+04 1.220751076607e+04 -6.404918882507e-01 -2.743655728637e-01 -2.236286012050e+01 -9.545256381944e-01 -2.323612850760e+01 9.593856511889e-01
3.854100000000e-03 1.234500000000e+04 1.234500734695e+04 1.234137238795e+04 -6.536765367149e-01 -2.900613481621e-01 -2.325398758612e+01 -9.820220623451e-01 -2.389872254847e+01 1.009581615455e+00
3.909500000000e-03 1.248000000000e+04 1.248000759888e+04 1.247622895036e+04 -6.669343662567e-01 -3.066149195562e-01 -2.417790454319e+01 -1.010260926371e+00 -2.457882703823e+01 1.062238130425e+00
3.965800000000e-03 1.261600000000e+04 1.261600791367e+04 1.261207980327e+04 -6.802982305578e-01 -3.241317168452e-01 -2.513882413084e+01 -1.039360835109e+00 -2.527926641813e+01 1.117658759489e+00
4.022800000000e-03 1.275300000000e+04 1.275300804152e+04 1.274892534831e+04 -6.937046516251e-01 -3.425970647195e-01 -2.613418698777e+01 -1.069235275339e+00 -2.599792488256e+01 1.175763995994e+00
4.080700000000e-03 1.289000000000e+04 1.289000868453e+04 1.288576489339e+04 -7.071835618594e-01 -3.621253939013e-01 -2.716847857022e+01 -1.100006149112e+00 -2.673769991343e+01 1.236879288250e+00
4.139400000000e-03 1.302900000000e+04 1.302900871607e+04 1.302459849901e+04 -7.206930262330e-01 -3.827368718905e-01 -2.824131771751e+01 -1.131638703374e+00 -2.749771808451e+01 1.301030121125e+00
4.199000000000e-03 1.316800000000e+04 1.316800923996e+04 1.316342565031e+04 -7.342361795013e-01 -4.045228139087e-01 -2.935603405046e+01 -1.164205459609e+00 -2.827968221399e+01 1.368461568724e+00
4.259400000000e-03 1.330800000000e+04 1.330800960442e+04 1.330324643979e+04 -7.477691409941e-01 -4.275052746006e-01 -3.051204966969e+01 -1.197670636170e+00 -2.908269168531e+01 1.439200816772e+00
4.320700000000e-03 1.344900000000e+04 1.344900990033e+04 1.344406043637e+04 -7.612917643203e-01 -4.517835441772e-01 -3.171218517714e+01 -1.232108733280e+00 -2.990849061991e+01 1.513509953721e+00
4.382800000000e-03 1.359100000000e+04 1.359100996309e+04 1.358586781301e+04 -7.747581153920e-01 -4.773817113035e-01 -3.295536685921e+01 -1.267482892109e+00 -3.075614981397e+01 1.591417648767e+00
4.445900000000e-03 1.373300000000e+04 1.373301060717e+04 1.372766774459e+04 -7.881856035725e-01 -5.044511974607e-01 -3.424694808846e+01 -1.303927784049e+00 -3.162884732898e+01 1.673336131968e+00
4.509900000000e-03 1.387600000000e+04 1.387601110545e+04 1.387046026042e+04 -8.015247661202e-01 -5.330236359038e-01 -3.558674576915e+01 -1.341407850617e+00 -3.252567881906e+01 1.759308791977e+00
4.574800000000e-03 1.402000000000e+04 1.402001141443e+04 1.401424507691e+04 -8.147464324225e-01 -5.631739943515e-01 -3.697659831400e+01 -1.379944357685e+00 -3.344709950248e+01 1.849508042484e+00
4.640600000000e-03 1.416500000000e+04 1.416501148638e+04 1.415902198467e+04 -8.278197108150e-01 -5.949804562164e-01 -3.841788961754e+01 -1.419558820178e+00 -3.439356756513e+01 1.944111586798e+00
4.707300000000e-03 1.431000000000e+04 1.431001193269e+04 1.430379082705e+04 -8.407119620367e-01 -6.285244439938e-01 -3.991168317381e+01 -1.460273001665e+00 -3.536554417371e+01 2.043302726619e+00
4.775100000000e-03 1.445600000000e+04 1.445601236496e+04 1.444955072498e+04 -8.534256945120e-01 -6.639973129896e-01 -4.146371169730e+01 -1.502233543937e+00 -3.636646524060e+01 2.147583545638e+00
4.843800000000e-03 1.460200000000e+04 1.460201314235e+04 1.459530214427e+04 -8.658851814698e-01 -7.013890809890e-01 -4.307100239888e+01 -1.545341525241e+00 -3.739390300689e+01 2.256857202079e+00
4.913500000000e-03 1.475000000000e+04 1.475001296650e+04 1.474304446311e+04 -8.780691417704e-01 -7.408495858410e-01 -4.473760314907e+01 -1.589683559195e+00 -3.844985249714e+01 2.371492475280e+00
4.984200000000e-03 1.489800000000e+04 1.489801320116e+04 1.489077741099e+04 -8.899350554107e-01 -7.824814108988e-01 -4.646530068378e+01 -1.635285103232e+00 -3.953484565850e+01 2.491714079794e+00
5.055900000000e-03 1.504600000000e+04 1.504601384190e+04 1.503850073890e+04 -9.014380691636e-01 -8.263914827029e-01 -4.825574989815e+01 -1.682171912240e+00 -4.064941731299e+01 2.617753151226e+00
5.128600000000e-03 1.519500000000e+04 1.519501409403e+04 1.518721420078e+04 -9.125309886392e-01 -8.726910162962e-01 -5.011058916860e+01 -1.730370040983e+00 -4.179410548422e+01 2.749848219028e+00
5.202400000000e-03 1.534400000000e+04 1.534401485361e+04 1.533591713240e+04 -9.231781999338e-01 -9.215631715541e-01 -5.203416830640e+01 -1.779973514037e+00 -4.297105602406e+01 2.888435990312e+00
5.277300000000e-03 1.549400000000e+04 1.549401528052e+04 1.548560922375e+04 -9.333248495072e-01 -9.731363061540e-01 -5.402853469351e+01 -1.831011770951e+00 -4.418087365867e+01 3.033787934507e+00
5.353200000000e-03 1.564500000000e+04 1.564501512334e+04 1.563629057941e+04 -9.429010917648e-01 -1.027471022076e+00 -5.609305130863e+01 -1.883445057485e+00 -4.542252061773e+01 3.185980667322e+00
5.430200000000e-03 1.579600000000e+04 1.579601533936e+04 1.578696049327e+04 -9.518604077122e-01 -1.084773565862e+00 -5.823234755799e+01 -1.937371168015e+00 -4.669821294431e+01 3.345493315907e+00
5.508400000000e-03 1.594700000000e+04 1.594701608299e+04 1.593761826087e+04 -9.601492839391e-01 -1.145267175574e+00 -6.045106191647e+01 -1.992892054103e+00 -4.801025270811e+01 3.512839513941e+00
5.587600000000e-03 1.609900000000e+04 1.609901604622e+04 1.608926449478e+04 -9.676797702821e-01 -1.208947285489e+00 -6.274529429989e+01 -2.049896549890e+00 -4.935590124241e+01 3.687897018108e+00
5.668000000000e-03 1.625100000000e+04 1.625101643386e+04 1.624089799386e+04 -9.744008440750e-01 -1.276130882795e+00 -6.512289858586e+01 -2.108559791102e+00 -5.073917590348e+01 3.871422115337e+00
5.749600000000e-03 1.640300000000e+04 1.640301721780e+04 1.639251837071e+04 -9.802355623765e-01 -1.346989963130e+00 -6.758643480508e+01 -2.168916299157e+00 -5.216076261924e+01 4.063759524292e+00
5.832300000000e-03 1.655600000000e+04 1.655601715888e+04 1.654512570956e+04 -9.850979802795e-01 -1.421611418662e+00 -7.013539968200e+01 -2.230925517810e+00 -5.361957565464e+01 4.265017735906e+00
5.916200000000e-03 1.670900000000e+04 1.670901735891e+04 1.669771919999e+04 -9.889114802547e-01 -1.500265998326e+00 -7.277512583246e+01 -2.294696209015e+00 -5.511803707731e+01 4.475792981861e+00
6.001300000000e-03 1.686200000000e+04 1.686201777019e+04 1.685029852170e+04 -9.915877010329e-01 -1.583146530908e+00 -7.550777906575e+01 -2.360264073077e+00 -5.665683980584e+01 4.696459591876e+00
6.087700000000e-03 1.701600000000e+04 1.701601742480e+04 1.700386284597e+04 -9.930350963537e-01 -1.670556357709e+00 -7.833883268810e+01 -2.427743840693e+00 -5.823852082731e+01 4.927674968068e+00
6.175300000000e-03 1.716900000000e+04 1.716901825847e+04 1.715641236279e+04 -9.931530108908e-01 -1.762608121587e+00 -8.126716779133e+01 -2.497095513897e+00 -5.986197967308e+01 5.169578943856e+00
6.264100000000e-03 1.732300000000e+04 1.732301794885e+04 1.730994677891e+04 -9.918403355006e-01 -1.859517803948e+00 -8.429479852865e+01 -2.568356005461e+00 -6.152791404367e+01 5.422577224127e+00
6.354300000000e-03 1.747700000000e+04 1.747701793563e+04 1.746346470076e+04 -9.889834601670e-01 -1.961740300425e+00 -8.743090759614e+01 -2.641726393303e+00 -6.324084363762e+01 5.687683642221e+00
6.445700000000e-03 1.763000000000e+04 1.763001897604e+04 1.761596675043e+04 -9.844733036704e-01 -2.069294295929e+00 -9.067152364502e+01 -2.717085013146e+00 -6.499773853729e+01 5.964763914379e+00
6.538400000000e-03 1.778400000000e+04 1.778401873096e+04 1.776945191451e+04 -9.781870647093e-01 -2.182545483838e+00 -9.402329207887e+01 -2.794554112573e+00 -6.680125525160e+01 6.254573434956e+00
6.632500000000e-03 1.793800000000e+04 1.793801852391e+04 1.792291917839e+04 -9.699893324079e-01 -2.301886960186e+00 -9.749291151850e+01 -2.874260865672e+00 -6.865414411973e+01 6.557917683259e+00
6.727900000000e-03 1.809100000000e+04 1.809101939230e+04 1.807536876902e+04 -9.597548273956e-01 -2.427472589253e+00 -1.010790590191e+02 -2.956164640942e+00 -7.055524062184e+01 6.874977286731e+00
6.824700000000e-03 1.824500000000e+04 1.824501876315e+04 1.822879978907e+04 -9.473329449222e-01 -2.559725270636e+00 -1.047877374438e+02 -3.040395843906e+00 -7.250734235782e+01 7.206601797437e+00
6.922900000000e-03 1.839800000000e+04 1.839801926351e+04 1.838121185137e+04 -9.325747594152e-01 -2.698954369720e+00 -1.086216315695e+02 -3.127001253580e+00 -7.451128944692e+01 7.553336105502e+00
7.022500000000e-03 1.855100000000e+04 1.855101940371e+04 1.853360447264e+04 -9.153252941024e-01 -2.845480216768e+00 -1.125839948391e+02 -3.216028146974e+00 -7.656792079811e+01 7.915736138649e+00
7.123600000000e-03 1.870400000000e+04 1.870401926336e+04 1.868597653329e+04 -8.954020676936e-01 -2.999790347879e+00 -1.166822446424e+02 -3.307615492140e+00 -7.868017592198e+01 8.294753560434e+00
7.226100000000e-03 1.885600000000e+04 1.885602002028e+04 1.883732827767e+04 -8.726530672592e-01 -3.162084370534e+00 -1.209149849571e+02 -3.401722802965e+00 -8.084683839741e+01 8.690613378349e+00
7.330000000000e-03 1.900800000000e+04 1.900802002311e+04 1.898865949170e+04 -8.469036629703e-01 -3.332717911166e+00 -1.252838842884e+02 -3.498398853978e+00 -8.306874166331e+01 9.103910275091e+00
7.435500000000e-03 1.916000000000e+04 1.916001955239e+04 1.913996863773e+04 -8.179144755391e-01 -3.512405965677e+00 -1.297992803864e+02 -3.597882740606e+00 -8.535106798168e+01 9.536085521098e+00
7.542500000000e-03 1.930900000000e+04 1.930902328502e+04 1.928825580863e+04 -7.855118990266e-01 -3.701386909916e+00 -1.344607268072e+02 -3.700135602604e+00 -8.769259330666e+01 9.987404473198e+00
7.651000000000e-03 1.946000000000e+04 1.946002268325e+04 1.943852022920e+04 -7.494912674265e-01 -3.900073956719e+00 -1.392732609874e+02 -3.805211544125e+00 -9.009421588406e+01 1.045853780539e+01
7.761100000000e-03 1.961000000000e+04 1.961002286763e+04 1.958776046470e+04 -7.096020138267e-01 -4.109088025456e+00 -1.442463381356e+02 -3.913263990977e+00 -9.255908133096e+01 1.095062603688e+01
7.872800000000e-03 1.975900000000e+04 1.975902374466e+04 1.973597610229e+04 -6.656144080266e-01 -4.328891008182e+00 -1.493829212548e+02 -4.024352056883e+00 -9.508815462284e+01 1.146440504332e+01
7.986000000000e-03 1.990800000000e+04 1.990802304974e+04 1.988416761841e+04 -6.173341657034e-01 -4.559753031736e+00 -1.546802419858e+02 -4.138434011334e+00 -9.768009314867e+01 1.200014646248e+01
8.101000000000e-03 2.005600000000e+04 2.005602320358e+04 2.003133257946e+04 -5.643805072385e-01 -4.802790935524e+00 -1.601546246234e+02 -4.255874501568e+00 -1.003427584809e+02 1.256005888239e+01
8.217500000000e-03 2.020300000000e+04 2.020302331840e+04 2.017747265939e+04 -5.066303944965e-01 -5.057890612745e+00 -1.657953402262e+02 -4.376430082699e+00 -1.030701899983e+02 1.314347982292e+01
8.335700000000e-03 2.034900000000e+04 2.034902373659e+04 2.032258583761e+04 -4.437188643377e-01 -5.326016060526e+00 -1.716158672627e+02 -4.500369211502e+00 -1.058680094519e+02 1.375220542961e+01
8.455700000000e-03 2.049400000000e+04 2.049402454161e+04 2.046667082031e+04 -3.753004638288e-01 -5.607973237602e+00 -1.776249798016e+02 -4.627865052205e+00 -1.087396318095e+02 1.438762504157e+01
8.577300000000e-03 2.063800000000e+04 2.063802502878e+04 2.060972876006e+04 -3.011933951842e-01 -5.903875594380e+00 -1.838154919710e+02 -4.758771998831e+00 -1.116812708903e+02 1.504954154161e+01
8.700800000000e-03 2.078200000000e+04 2.078202349208e+04 2.075275697577e+04 -2.209016558507e-01 -6.215069327712e+00 -1.902054376153e+02 -4.893482681164e+00 -1.147012134421e+02 1.574049147052e+01
8.825900000000e-03 2.092400000000e+04 2.092402338324e+04 2.089375737080e+04 -1.342967394336e-01 -6.541432946414e+00 -1.967826922103e+02 -5.031740184456e+00 -1.177931423968e+02 1.645971322719e+01
8.952900000000e-03 2.106400000000e+04 2.106402541972e+04 2.103272690057e+04 -4.083716959858e-02 -6.884401551769e+00 -2.035675404442e+02 -5.173947066945e+00 -1.209654794188e+02 1.720985782174e+01
9.081800000000e-03 2.120400000000e+04 2.120402459160e+04 2.117166484123e+04 5.984313783325e-02 -7.244691161238e+00 -2.105649728022e+02 -5.320181588068e+00 -1.242193376923e+02 1.799194257017e+01
9.212400000000e-03 2.134200000000e+04 2.134202492656e+04 2.130857247068e+04 1.679516908583e-01 -7.622449963043e+00 -2.177670934130e+02 -5.470291421275e+00 -1.275506891551e+02 1.880573407710e+01
9.345000000000e-03 2.147900000000e+04 2.147902448127e+04 2.144444722511e+04 2.841189331070e-01 -8.019287354603e+00 -2.251915561610e+02 -5.624698906372e+00 -1.309682317580e+02 1.965411649539e+01
9.479400000000e-03 2.161400000000e+04 2.161402504193e+04 2.157829074299e+04 4.085725687642e-01 -8.435385211911e+00 -2.328283608760e+02 -5.783251632924e+00 -1.344678804049e+02 2.053686961549e+01
9.615800000000e-03 2.174800000000e+04 2.174802420205e+04 2.171110068592e+04 5.419121809627e-01 -8.872162989144e+00 -2.406933132938e+02 -5.946266796450e+00 -1.380558958430e+02 2.145637347013e+01
9.754200000000e-03 2.187900000000e+04 2.187902721782e+04 2.184087601026e+04 6.845805843803e-01 -9.330475298500e+00 -2.487934617223e+02 -6.113831049627e+00 -1.417333928386e+02 2.241375816605e+01
9.894500000000e-03 2.201000000000e+04 2.201002505065e+04 2.197061664127e+04 8.369245540780e-01 -9.810855366615e+00 -2.571293937828e+02 -6.285908402306e+00 -1.454987694553e+02 2.340945465151e+01
1.003700000000e-02 2.213800000000e+04 2.213802678324e+04 2.209731977914e+04 9.997479795038e-01 -1.031524854521e+01 -2.657206286847e+02 -6.462957459868e+00 -1.493611922810e+02 2.444677151943e+01
1.018100000000e-02 2.226500000000e+04 2.226502430035e+04 2.222299215341e+04 1.172708474776e+00 -1.084204886961e+01 -2.745237309016e+02 -6.644190284459e+00 -1.533026214447e+02 2.552169445132e+01
1.032800000000e-02 2.238900000000e+04 2.238902740142e+04 2.234562007091e+04 1.358152328702e+00 -1.139778741189e+01 -2.836308262422e+02 -6.831596741704e+00 -1.573653421781e+02 2.664674212499e+01
1.047600000000e-02 2.251200000000e+04 2.251202407907e+04 2.246722166132e+04 1.554066063064e+00 -1.197587200624e+01 -2.929220652261e+02 -7.022717655998e+00 -1.614950859800e+02 2.780778451495e+01
1.062700000000e-02 2.263200000000e+04 2.263202573340e+04 2.258577732697e+04 1.763624190926e+00 -1.258511344937e+01 -3.025282462626e+02 -7.220227184071e+00 -1.657486381049e+02 2.902170373838e+01
1.078000000000e-02 2.275000000000e+04 2.275002605417e+04 2.270229586288e+04 1.986077618690e+00 -1.322269550063e+01 -3.123914963660e+02 -7.422934615352e+00 -1.700991787423e+02 3.028195514854e+01
1.093500000000e-02 2.286600000000e+04 2.286602454841e+04 2.281677705101e+04 2.221979547316e+00 -1.388966059694e+01 -3.225141782252e+02 -7.630933025212e+00 -1.745476307961e+02 3.158973465809e+01
1.109200000000e-02 2.297900000000e+04 2.297902435594e+04 2.292822076732e+04 2.471899250069e+00 -1.458707839349e+01 -3.328981671651e+02 -7.844316142925e+00 -1.790948853205e+02 3.294624977912e+01
1.125200000000e-02 2.309000000000e+04 2.309002399534e+04 2.303761690705e+04 2.738118977315e+00 -1.532069656020e+01 -3.436121354502e+02 -8.064563642376e+00 -1.837711594905e+02 3.436165750455e+01
1.141400000000e-02 2.319900000000e+04 2.319902020329e+04 2.314497546096e+04 3.019679835611e+00 -1.608725921005e+01 -3.545907796034e+02 -8.290420683625e+00 -1.885484475118e+02 3.582862429369e+01
1.157800000000e-02 2.330400000000e+04 2.330402029687e+04 2.324829663248e+04 3.317195707067e+00 -1.688790947168e+01 -3.658342690025e+02 -8.521983441559e+00 -1.934275370639e+02 3.734836315073e+01
1.174500000000e-02 2.340700000000e+04 2.340701844313e+04 2.334956990036e+04 3.633222561736e+00 -1.772891975139e+01 -3.774142677889e+02 -8.760787716749e+00 -1.984393212423e+02 3.893166489961e+01
1.191400000000e-02 2.350700000000e+04 2.350701552624e+04 2.344780499066e+04 3.966624565825e+00 -1.860666785209e+01 -3.892665028461e+02 -9.005528462324e+00 -2.035548932095e+02 4.057056607083e+01
1.208500000000e-02 2.360400000000e+04 2.360401103608e+04 2.354300151422e+04 4.318057622916e+00 -1.952236413313e+01 -4.013944785107e+02 -9.256304135736e+00 -2.087749232077e+02 4.226626781924e+01
1.225900000000e-02 2.369800000000e+04 2.369800675780e+04 2.363514941741e+04 4.690366896795e+00 -2.048283095364e+01 -4.138680482839e+02 -9.514708196787e+00 -2.141309534043e+02 4.403019844048e+01
1.243500000000e-02 2.378900000000e+04 2.378899963229e+04 2.372426059506e+04 5.082217808571e+00 -2.148403941592e+01 -4.266101727944e+02 -9.779383503335e+00 -2.195931726751e+02 4.585372380248e+01
1.261400000000e-02 2.387400000000e+04 2.387400547984e+04 2.380732549628e+04 5.496664517412e+00 -2.253320627965e+01 -4.396885689394e+02 -1.005196291386e+01 -2.251935321488e+02 4.774871341432e+01
1.279600000000e-02 2.395900000000e+04 2.395899525357e+04 2.389034320305e+04 5.934680239113e+00 -2.363213550441e+01 -4.531101128494e+02 -1.033260530046e+01 -2.309332784080e+02 4.971699089418e+01
1.298000000000e-02 2.403900000000e+04 2.403898978019e+04 2.396832305694e+04 6.394714430188e+00 -2.477635920624e+01 -4.668118383790e+02 -1.061990002122e+01 -2.367816894802e+02 5.174921628263e+01
1.316700000000e-02 2.411700000000e+04 2.411697552545e+04 2.404425292532e+04 6.880143501239e+00 -2.597369782976e+01 -4.808763420106e+02 -1.091554082581e+01 -2.427713046355e+02 5.385790338507e+01
1.335600000000e-02 2.419000000000e+04 2.418996493071e+04 2.411514509278e+04 7.389251982816e+00 -2.721935249305e+01 -4.952236933145e+02 -1.121808012155e+01 -2.488708026288e+02 5.603320740600e+01
1.354800000000e-02 2.426000000000e+04 2.425994877845e+04 2.418299031232e+04 7.925632976413e+00 -2.852154711227e+01 -5.099209440454e+02 -1.152925298403e+01 -2.551130996785e+02 5.828805788906e+01
1.374300000000e-02 2.432600000000e+04 2.432593136697e+04 2.424679002666e+04 8.490353036696e+00 -2.988222738284e+01 -5.249624355505e+02 -1.184922485627e+01 -2.614991343021e+02 6.062420947419e+01
1.394100000000e-02 2.438800000000e+04 2.438791173219e+04 2.430654432776e+04 9.084487386841e+00 -3.130334713041e+01 -5.403500622085e+02 -1.217816284091e+01 -2.680297847236e+02 6.304337602005e+01
1.414200000000e-02 2.444600000000e+04 2.444588882602e+04 2.436225312738e+04 9.709135695947e+00 -3.278689768371e+01 -5.560867782174e+02 -1.251623542807e+01 -2.747058485090e+02 6.554725831725e+01
1.434500000000e-02 2.450000000000e+04 2.449986010457e+04 2.441392816807e+04 1.036214019343e+01 -3.432719688217e+01 -5.720944613311e+02 -1.286189932412e+01 -2.814944959302e+02 6.812470869772e+01
1.455200000000e-02 2.455000000000e+04 2.454982729434e+04 2.446154739594e+04 1.105105263128e+01 -3.594142921812e+01 -5.885286723242e+02 -1.321873137484e+01 -2.884632697486e+02 7.080274037149e+01
1.476100000000e-02 2.459500000000e+04 2.459479291710e+04 2.450413482490e+04 1.177035579718e+01 -3.761603767900e+01 -6.052276470615e+02 -1.358345628838e+01 -2.955454139584e+02 7.355707701022e+01
1.497300000000e-02 2.463600000000e+04 2.463575088195e+04 2.454268031357e+04 1.252446463848e+01 -3.936075230160e+01 -6.222657287533e+02 -1.395796092164e+01 -3.027749874765e+02 7.640208460513e+01
1.518900000000e-02 2.467300000000e+04 2.467270060398e+04 2.457717398947e+04 1.331826078918e+01 -4.118617136685e+01 -6.397171399721e+02 -1.434421941290e+01 -3.101868386611e+02 7.935304155295e+01
1.540700000000e-02 2.470500000000e+04 2.470464578015e+04 2.460664091553e+04 1.414556380739e+01 -4.307745984037e+01 -6.574130185574e+02 -1.473883171326e+01 -3.177126680704e+02 8.238408899148e+01
1.562900000000e-02 2.473200000000e+04 2.473158695110e+04 2.463105886039e+04 1.501513154457e+01 -4.505402204682e+01 -6.755130315973e+02 -1.514559617133e+01 -3.254217709933e+02 8.552443384291e+01
1.585400000000e-02 2.475400000000e+04 2.475352220678e+04 2.465043985239e+04 1.592440296196e+01 -4.710934771211e+01 -6.939366944872e+02 -1.556289324643e+01 -3.332798915551e+02 8.876163520086e+01
1.608200000000e-02 2.477200000000e+04 2.477144273648e+04 2.466578456008e+04 1.687456621340e+01 -4.924550536044e+01 -7.126830685889e+02 -1.599090356631e+01 -3.412870881584e+02 9.209698921848e+01
1.631300000000e-02 2.478400000000e+04 2.478336263525e+04 2.467509549738e+04 1.786679486854e+01 -5.146452520190e+01 -7.317419212503e+02 -1.642980920044e+01 -3.494433521702e+02 9.553171419759e+01
1.654800000000e-02 2.479200000000e+04 2.479126484679e+04 2.468036435419e+04 1.890675623708e+01 -5.377839809896e+01 -7.511810686753e+02 -1.688172793478e+01 -3.577841614236e+02 9.908219333949e+01
1.678600000000e-02 2.479400000000e+04 2.479316414481e+04 2.467960581551e+04 1.999140806615e+01 -5.617966968894e+01 -7.709052269779e+02 -1.734495604019e+01 -3.662740753783e+02 1.027347709364e+02
1.702800000000e-02 2.479100000000e+04 2.479005073006e+04 2.467380869107e+04 2.112667259326e+01 -5.868077325903e+01 -7.909983846367e+02 -1.782166135038e+01 -3.749487349339e+02 1.065061539438e+02
1.727300000000e-02 2.478300000000e+04 2.478192366800e+04 2.466298426538e+04 2.230922994137e+01 -6.127371506031e+01 -8.113824193893e+02 -1.831009699117e+01 -3.837721415824e+02 1.103820458921e+02
1.752100000000e-02 2.477100000000e+04 2.476977265614e+04 2.464813365440e+04 2.354024546528e+01 -6.396044503408e+01 -8.320542969660e+02 -1.881045166914e+01 -3.927437790184e+02 1.143633035482e+02
1.777300000000e-02 2.475200000000e+04 2.475062263976e+04 2.462625058793e+04 2.482602370847e+01 -6.675405217966e+01 -8.530742265563e+02 -1.932496926047e+01 -4.018994776411e+02 1.184670909290e+02
1.802900000000e-02 2.472800000000e+04 2.472645402393e+04 2.459934114700e+04 2.616811949315e+01 -6.965716437954e+01 -8.744140697416e+02 -1.985391407375e+01 -4.112389809178e+02 1.226947795840e+02
1.828800000000e-02 2.469700000000e+04 2.469528694522e+04 2.456542116438e+04 2.756262033913e+01 -7.266064400473e+01 -8.959713530001e+02 -2.039544949429e+01 -4.207252095442e+02 1.270307871203e+02
1.855200000000e-02 2.466200000000e+04 2.466008701284e+04 2.452746929464e+04 2.902180522078e+01 -7.579019400281e+01 -9.179098640643e+02 -2.095402619677e+01 -4.304309363128e+02 1.315097582481e+02
1.881800000000e-02 2.462000000000e+04 2.461789017073e+04 2.448252028067e+04 3.053038779828e+01 -7.901235543843e+01 -9.399789436804e+02 -2.152352955271e+01 -4.402450356980e+02 1.360815264346e+02
1.908900000000e-02 2.457300000000e+04 2.457066834727e+04 2.443254348009e+04 3.210664431340e+01 -8.236549390487e+01 -9.624172748559e+02 -2.211061725381e+01 -4.502772539230e+02 1.407982742830e+02
1.936400000000e-02 2.452000000000e+04 2.451743367962e+04 2.437655490782e+04 3.374641961060e+01 -8.583995671015e+01 -9.851214939344e+02 -2.271343597528e+01 -4.604899040433e+02 1.456437611635e+02
1.964300000000e-02 2.446100000000e+04 2.445818603059e+04 2.431455966611e+04 3.545114985592e+01 -8.943803860659e+01 -1.008069903617e+03 -2.333226247391e+01 -4.708819548590e+02 1.506187032975e+02
1.992500000000e-02 2.439600000000e+04 2.439292927634e+04 2.424657216069e+04 3.721588829452e+01 -9.314863347527e+01 -1.031165590425e+03 -2.396511848005e+01 -4.814148841697e+02 1.557055616098e+02
2.021200000000e-02 2.432500000000e+04 2.432165663588e+04 2.417257421625e+04 3.905449545548e+01 -9.700014644147e+01 -1.054561520789e+03 -2.461677312363e+01 -4.921621525209e+02 1.609408942342e+02
2.050300000000e-02 2.424800000000e+04 2.424437228434e+04 2.409257983126e+04 4.096211223576e+01 -1.009815789744e+02 -1.078163489162e+03 -2.528527806025e+01 -5.030850396884e+02 1.663071125839e+02
2.079800000000e-02 2.416600000000e+04 2.416206444325e+04 2.400759338249e+04 4.293999397448e+01 -1.050948155541e+02 -1.101953664860e+03 -2.597091815221e+01 -5.141820582314e+02 1.718044534294e+02
2.109700000000e-02 2.407700000000e+04 2.407275998833e+04 2.391562014322e+04 4.498935296525e+01 -1.093416400945e+02 -1.125911005926e+03 -2.667397993943e+01 -5.254515793795e+02 1.774330213024e+02
2.140000000000e-02 2.398200000000e+04 2.397744833102e+04 2.381766543160e+04 4.711136374561e+01 -1.137237445353e+02 -1.150013189200e+03 -2.739475142964e+01 -5.368918140411e+02 1.831927841746e+02
2.170800000000e-02 2.388100000000e+04 2.387612611704e+04 2.371372547082e+04 4.931434398981e+01 -1.182575003041e+02 -1.174315321132e+03 -2.813594301096e+01 -5.485387686059e+02 1.891028882451e+02
2.202100000000e-02 2.377500000000e+04 2.376978079915e+04 2.360480682437e+04 5.159978348474e+01 -1.229450859119e+02 -1.198790405994e+03 -2.889793028390e+01 -5.603905896672e+02 1.951635751704e+02
2.233800000000e-02 2.366200000000e+04 2.365644964638e+04 2.348892492527e+04 5.396158786231e+01 -1.277731858947e+02 -1.223336739800e+03 -2.967861485035e+01 -5.724073159481e+02 2.013553085314e+02
2.265900000000e-02 2.354300000000e+04 2.353712263710e+04 2.336708337962e+04 5.640064720025e+01 -1.327428933377e+02 -1.247941004899e+03 -3.047829255931e+01 -5.845867411998e+02 2.076775659735e+02
2.298500000000e-02 2.341800000000e+04 2.341179726336e+04 2.323927715629e+04 5.892561520819e+01 -1.378710304087e+02 -1.272666422375e+03 -3.129979459285e+01 -5.969644670549e+02 2.141495997434e+02
2.331600000000e-02 2.328800000000e+04 2.328146159026e+04 2.310651107327e+04 6.153768748870e+01 -1.431591421100e+02 -1.297494875706e+03 -3.214350628530e+01 -6.095380648530e+02 2.207710681169e+02
2.365100000000e-02 2.315100000000e+04 2.314416012100e+04 2.296679950667e+04 6.422984764402e+01 -1.485922291133e+02 -1.322328962239e+03 -3.300722285056e+01 -6.222670295722e+02 2.275212980132e+02
2.399100000000e-02 2.301000000000e+04 2.300284143415e+04 2.282313993758e+04 6.701093697228e+01 -1.541873289702e+02 -1.347218910282e+03 -3.389386817500e+01 -6.351866339552e+02 2.344195849636e+02
2.433700000000e-02 2.286200000000e+04 2.285455324043e+04 2.267253206955e+04 6.989026884462e+01 -1.599622287059e+02 -1.372209969872e+03 -3.480648671854e+01 -6.483320658414e+02 2.414856701246e+02
2.468700000000e-02 2.270900000000e+04 2.270128434607e+04 2.251699788771e+04 7.285201141002e+01 -1.658843108745e+02 -1.397129854849e+03 -3.574019769744e+01 -6.616244499307e+02 2.486778503437e+02
2.504200000000e-02 2.255000000000e+04 2.254205149646e+04 2.235553703802e+04 7.590514019058e+01 -1.719707234012e+02 -1.422022835991e+03 -3.669801962639e+01 -6.750986812096e+02 2.560154273124e+02
2.540200000000e-02 2.238600000000e+04 2.237784407126e+04 2.218915517901e+04 7.905026595195e+01 -1.782218253699e+02 -1.446867144597e+03 -3.768035033258e+01 -6.887516213370e+02 2.634972839476e+02
2.576800000000e-02 2.221700000000e+04 2.220866013950e+04 2.201785094802e+04 8.229682403587e+01 -1.846554392585e+02 -1.471712907411e+03 -3.869036437696e+01 -7.026178955380e+02 2.711431309279e+02
2.613900000000e-02 2.204300000000e+04 2.203451716289e+04 2.184163621714e+04 8.563653433931e+01 -1.912542159662e+02 -1.496472738925e+03 -3.972574994922e+01 -7.166561018961e+02 2.789308030439e+02
2.651500000000e-02 2.186400000000e+04 2.185542431282e+04 2.166051661743e+04 8.906966820155e+01 -1.980178524115e+02 -1.521125873529e+03 -4.078690982064e+01 -7.308627993144e+02 2.868588575601e+02
2.689600000000e-02 2.168000000000e+04 2.167139150237e+04 2.147449813178e+04 9.259638069754e+01 -2.049458173446e+02 -1.545649931077e+03 -4.187424772284e+01 -7.452344254230e+02 2.949257256646e+02
2.728300000000e-02 2.149100000000e+04 2.148241871809e+04 2.128358192647e+04 9.622615243637e+01 -2.120558153049e+02 -1.570084782900e+03 -4.299106988748e+01 -7.598048727396e+02 3.031509780378e+02
2.767600000000e-02 2.129800000000e+04 2.128949397147e+04 2.108877469235e+04 9.995926964378e+01 -2.193474376395e+02 -1.594404796403e+03 -4.413787816573e+01 -7.745702363923e+02 3.115331581076e+02
2.807400000000e-02 2.110100000000e+04 2.109263797415e+04 2.089008761712e+04 1.037862034118e+02 -2.268011785441e+02 -1.618524104118e+03 -4.531220929114e+01 -7.894889858195e+02 3.200492017002e+02
2.847800000000e-02 2.089900000000e+04 2.089087431378e+04 2.068652248165e+04 1.077164115058e+02 -2.344345690554e+02 -1.642482050241e+03 -4.651746935596e+01 -8.045945205731e+02 3.287186545869e+02
2.888800000000e-02 2.069400000000e+04 2.068616664432e+04 2.048008332750e+04 1.117497967706e+02 -2.422464842598e+02 -1.666263358146e+03 -4.775416350960e+01 -8.198826688544e+02 3.375398232881e+02
2.930300000000e-02 2.048500000000e+04 2.047756175489e+04 2.026977780089e+04 1.158761143636e+02 -2.502162199690e+02 -1.689798362606e+03 -4.901973153979e+01 -8.353119417221e+02 3.464892421881e+02
2.972500000000e-02 2.027300000000e+04 2.026602260710e+04 2.005660263954e+04 1.201148807691e+02 -2.583805451731e+02 -1.713189045854e+03 -5.032077857027e+01 -8.509522684465e+02 3.556081217111e+02
3.015200000000e-02 2.005700000000e+04 2.005061064264e+04 1.983956689388e+04 1.244455445854e+02 -2.666989849143e+02 -1.736316361882e+03 -5.165164406031e+01 -8.667251480264e+02 3.648514054488e+02
3.058600000000e-02 1.983900000000e+04 1.983326032074e+04 1.962066721660e+04 1.288877608646e+02 -2.752083966721e+02 -1.759281325062e+03 -5.301906717755e+01 -8.826998843278e+02 3.742603648428e+02
3.102600000000e-02 1.961800000000e+04 1.961302179548e+04 1.939891085103e+04 1.334307151446e+02 -2.838871150452e+02 -1.782015022390e+03 -5.442045281571e+01 -8.988349062206e+02 3.838113942794e+02
3.147300000000e-02 1.939400000000e+04 1.938989519055e+04 1.917430224886e+04 1.380840516689e+02 -2.927526441700e+02 -1.804545514882e+03 -5.585954079443e+01 -9.151621255551e+02 3.935243259015e+02
3.192600000000e-02 1.916900000000e+04 1.916584594479e+04 1.894884808058e+04 1.428365097981e+02 -3.017826079572e+02 -1.826800261115e+03 -5.733366581725e+01 -9.316400751558e+02 4.033753949467e+02
3.238500000000e-02 1.894100000000e+04 1.893894469736e+04 1.872054872380e+04 1.476870785530e+02 -3.109742845929e+02 -1.848783705855e+03 -5.884332744344e+01 -9.482641117649e+02 4.133626771148e+02
3.285100000000e-02 1.871200000000e+04 1.871112927286e+04 1.849139795222e+04 1.526453435838e+02 -3.203449849478e+02 -1.870564618251e+03 -6.039236403657e+01 -9.650655645326e+02 4.235060672410e+02
3.332400000000e-02 1.848200000000e+04 1.848240892114e+04 1.826139187701e+04 1.577102712057e+02 -3.298918254265e+02 -1.892161465323e+03 -6.198137571314e+01 -9.820391453114e+02 4.338035935249e+02
3.380300000000e-02 1.825100000000e+04 1.825280640222e+04 1.803053272626e+04 1.628700411346e+02 -3.395917254226e+02 -1.913521420026e+03 -6.360754617793e+01 -9.991440449841e+02 4.442317109059e+02
3.429000000000e-02 1.802000000000e+04 1.802327092279e+04 1.779982505663e+04 1.681450792064e+02 -3.494822250811e+02 -1.934713041210e+03 -6.527825829304e+01 -1.016446435454e+03 4.548321853293e+02
3.478300000000e-02 1.778800000000e+04 1.779287185471e+04 1.756827184065e+04 1.735124856107e+02 -3.595195425076e+02 -1.955636775558e+03 -6.698724025941e+01 -1.033869907318e+03 4.655596537582e+02
3.528300000000e-02 1.755700000000e+04 1.756353350220e+04 1.733786652899e+04 1.789819239162e+02 -3.697210354394e+02 -1.976358409052e+03 -6.873848811467e+01 -1.051444856937e+03 4.764342962630e+02
3.579100000000e-02 1.732500000000e+04 1.733332250418e+04 1.710660321301e+04 1.845631584459e+02 -3.801040622117e+02 -1.996951778273e+03 -7.053613718608e+01 -1.069200827318e+03 4.874762267902e+02
3.630600000000e-02 1.709500000000e+04 1.710514730620e+04 1.687747106312e+04 1.902439741237e+02 -3.906450685188e+02 -2.017405599265e+03 -7.237727626575e+01 -1.087097192129e+03 4.986620837968e+02
3.682800000000e-02 1.686500000000e+04 1.687708935713e+04 1.664846686909e+04 1.960232332927e+02 -4.013412454288e+02 -2.037735203237e+03 -7.426247046559e+01 -1.105128685387e+03 5.099904901441e+02
3.735800000000e-02 1.663700000000e+04 1.665106153441e+04 1.642158618296e+04 2.019108241636e+02 -4.122101374757e+02 -2.057993284274e+03 -7.619594464017e+01 -1.123324169990e+03 5.214817051376e+02
3.789600000000e-02 1.641000000000e+04 1.642610749208e+04 1.619582507172e+04 2.079056703019e+02 -4.232489507706e+02 -2.078194120095e+03 -7.817835916449e+01 -1.141677620329e+03 5.331343223080e+02
3.844100000000e-02 1.618600000000e+04 1.620415944174e+04 1.597317432906e+04 2.139956935577e+02 -4.344347564624e+02 -2.098316577942e+03 -8.020662495586e+01 -1.160149278428e+03 5.449254822319e+02
3.899400000000e-02 1.596300000000e+04 1.598329048132e+04 1.575163148503e+04 2.201910434267e+02 -4.457855307654e+02 -2.118416908565e+03 -8.228505079566e+01 -1.178767285110e+03 5.568755829812e+02
3.955500000000e-02 1.574300000000e+04 1.576541397818e+04 1.553318398580e+04 2.264909249084e+02 -4.572991051690e+02 -2.138529310667e+03 -8.441426848461e+01 -1.197525545711e+03 5.689834368532e+02
4.012400000000e-02 1.552600000000e+04 1.555052719768e+04 1.531781622227e+04 2.328947533355e+02 -4.689737352138e+02 -2.158705301339e+03 -8.659489824095e+01 -1.216417965126e+03 5.812479550996e+02
4.070200000000e-02 1.531200000000e+04 1.533861296236e+04 1.510551381726e+04 2.394131861111e+02 -4.808281257095e+02 -2.179035558657e+03 -8.883143735156e+01 -1.235471181509e+03 5.936895272741e+02
4.128700000000e-02 1.510200000000e+04 1.513064621529e+04 1.489725717419e+04 2.460233523847e+02 -4.928200574989e+02 -2.199489986622e+03 -9.111674302669e+01 -1.254613034390e+03 6.062640269380e+02
4.188100000000e-02 1.489500000000e+04 1.492564187827e+04 1.469204133178e+04 2.527477398975e+02 -5.049897293457e+02 -2.220169007848e+03 -9.345921046053e+01 -1.273902678193e+03 6.190133869622e+02
4.248400000000e-02 1.469200000000e+04 1.472454283519e+04 1.449085281068e+04 2.595863263235e+02 -5.173363820216e+02 -2.241105224851e+03 -9.585951937627e+01 -1.293332967194e+03 6.319364156265e+02
4.309500000000e-02 1.449300000000e+04 1.452735424296e+04 1.429367603425e+04 2.665281328875e+02 -5.298395463617e+02 -2.262298573312e+03 -9.831429761228e+01 -1.312864823374e+03 6.450104763365e+02
4.371500000000e-02 1.429900000000e+04 1.433499625768e+04 1.410149791576e+04 2.735850677171e+02 -5.425200439032e+02 -2.283821018758e+03 -1.008281550008e+02 -1.332523250558e+03 6.582557090232e+02
4.434400000000e-02 1.410900000000e+04 1.414651083057e+04 1.391330461681e+04 2.807578279464e+02 -5.553784485043e+02 -2.305712846948e+03 -1.034017224959e+02 -1.352300759444e+03 6.716707167264e+02
4.498200000000e-02 1.392300000000e+04 1.396188661763e+04 1.372907983568e+04 2.880475752310e+02 -5.684161354339e+02 -2.328016667720e+03 -1.060356132494e+02 -1.372189695054e+03 6.852538835388e+02
4.562900000000e-02 1.374300000000e+04 1.378299066381e+04 1.355080229692e+04 2.954556431933e+02 -5.816348034648e+02 -2.350778261526e+03 -1.087304212939e+02 -1.392182252720e+03 6.990034819323e+02
4.628600000000e-02 1.356700000000e+04 1.360790933639e+04 1.337646062163e+04 3.029950641391e+02 -5.950569502873e+02 -2.374074581557e+03 -1.114909410588e+02 -1.412300927124e+03 7.129387772582e+02
4.695200000000e-02 1.339600000000e+04 1.343757986328e+04 1.320703827938e+04 3.106563834095e+02 -6.086649310749e+02 -2.397895031754e+03 -1.143135805362e+02 -1.432506435308e+03 7.270361761571e+02
4.762800000000e-02 1.323000000000e+04 1.327196706912e+04 1.304252437052e+04 3.184533048968e+02 -6.224822936792e+02 -2.422298721844e+03 -1.172031646762e+02 -1.452820262586e+03 7.413142883867e+02
4.831300000000e-02 1.306900000000e+04 1.311106527192e+04 1.288290454281e+04 3.263767496710e+02 -6.364921222627e+02 -2.447271885006e+03 -1.201559840228e+02 -1.473203245755e+03 7.557490548776e+02
4.900800000000e-02 1.291300000000e+04 1.295483687802e+04 1.272816819726e+04 3.344410846287e+02 -6.507189172443e+02 -2.472870819443e+03 -1.231768925674e+02 -1.493675703811e+03 7.703580570100e+02
4.971300000000e-02 1.276100000000e+04 1.280232981203e+04 1.257730487569e+04 3.426493531915e+02 -6.651670911575e+02 -2.499116850378e+03 -1.262664611756e+02 -1.514227525517e+03 7.851374747775e+02
5.042800000000e-02 1.261500000000e+04 1.265537875685e+04 1.243229370031e+04 3.510048107508e+02 -6.798413531507e+02 -2.526038908394e+03 -1.294252372587e+02 -1.534848241590e+03 8.000828630456e+02
5.115400000000e-02 1.247300000000e+04 1.251208638137e+04 1.229112172837e+04 3.595226906499e+02 -6.947672953226e+02 -2.553712595319e+03 -1.326582143608e+02 -1.555555369103e+03 8.152099040231e+02
5.189000000000e-02 1.233600000000e+04 1.237337054539e+04 1.215476694346e+04 3.681950017785e+02 -7.099297571082e+02 -2.582135123684e+03 -1.359614843232e+02 -1.576308774450e+03 8.304921621115e+02
5.263700000000e-02 1.220400000000e+04 1.223918635174e+04 1.202322899003e+04 3.770372886571e+02 -7.253546407755e+02 -2.611320525287e+03 -1.393400555700e+02 -1.597124597739e+03 8.459439122427e+02
5.339400000000e-02 1.207600000000e+04 1.210860289420e+04 1.189552368207e+04 3.860415498787e+02 -7.410266326222e+02 -2.641161352845e+03 -1.427898972167e+02 -1.617962514959e+03 8.615372310363e+02
5.416200000000e-02 1.195100000000e+04 1.198066318556e+04 1.177066793302e+04 3.952236392702e+02 -7.569719494216e+02 -2.671626030317e+03 -1.463160244059e+02 -1.638837257746e+03 8.772849442776e+02
5.494100000000e-02 1.183000000000e+04 1.185626232464e+04 1.164966429367e+04 4.045872760718e+02 -7.731954398912e+02 -2.702670341626e+03 -1.499189219968e+02 -1.659735048946e+03 8.931780709987e+02
5.573200000000e-02 1.171300000000e+04 1.173535602598e+04 1.153251491575e+04 4.141482518244e+02 -7.897227008053e+02 -2.734299482157e+03 -1.536037160890e+02 -1.680667976667e+03 9.092270635022e+02
5.653400000000e-02 1.159800000000e+04 1.161611711604e+04 1.141723426987e+04 4.238981957187e+02 -8.065374525953e+02 -2.766430360039e+03 -1.573662119901e+02 -1.701594439846e+03 9.254009458720e+02
5.734700000000e-02 1.148600000000e+04 1.149943857593e+04 1.130483243379e+04 4.338399702798e+02 -8.236427609905e+02 -2.798995481045e+03 -1.612067983255e+02 -1.722499434792e+03 9.416880704160e+02
5.817200000000e-02 1.137600000000e+04 1.138437664025e+04 1.119433009856e+04 4.439886227269e+02 -8.410625073627e+02 -2.831956314795e+03 -1.651305970585e+02 -1.743392690198e+03 9.580957925387e+02
5.900900000000e-02 1.126800000000e+04 1.127091643080e+04 1.108575163490e+04 4.543466501313e+02 -8.587988206184e+02 -2.865214095473e+03 -1.691380157010e+02 -1.764257262917e+03 9.746103522559e+02
5.985800000000e-02 1.116100000000e+04 1.115814455719e+04 1.097814164614e+04 4.649153370611e+02 -8.768516043290e+02 -2.898628625039e+03 -1.732294326097e+02 -1.785075902026e+03 9.912169160647e+02
6.072000000000e-02 1.105400000000e+04 1.104513855932e+04 1.087054997640e+04 4.757082393796e+02 -8.952415623512e+02 -2.932081907502e+03 -1.774100446122e+02 -1.805854826712e+03 1.007919025495e+03
6.159300000000e-02 1.094800000000e+04 1.093283216324e+04 1.076401917129e+04 4.867003316378e+02 -9.139236115570e+02 -2.965344229161e+03 -1.816704441273e+02 -1.826527907679e+03 1.024661352169e+03
6.248000000000e-02 1.084100000000e+04 1.081937875175e+04 1.065659938074e+04 4.979279308960e+02 -9.329568629098e+02 -2.998391476335e+03 -1.860255743671e+02 -1.847147509442e+03 1.041483704171e+03
6.337900000000e-02 1.073300000000e+04 1.070482981308e+04 1.054833997164e+04 5.093638735697e+02 -9.522924864007e+02 -3.031000531063e+03 -1.904659097188e+02 -1.867647408695e+03 1.058329152208e+03
6.429000000000e-02 1.062400000000e+04 1.058919802970e+04 1.043930301401e+04 5.210044805207e+02 -9.719216007069e+02 -3.062985387175e+03 -1.949916160669e+02 -1.888009261221e+03 1.075178836597e+03
6.521500000000e-02 1.051300000000e+04 1.047157385975e+04 1.032857385380e+04 5.328700110658e+02 -9.918754737089e+02 -3.094183007241e+03 -1.996128393278e+02 -1.908258169425e+03 1.092049634597e+03
6.615400000000e-02 1.039900000000e+04 1.035110309487e+04 1.021524705570e+04 5.449544975718e+02 -1.012140898122e+03 -3.124343418319e+03 -2.043298130182e+02 -1.928372822353e+03 1.108919700325e+03
6.710600000000e-02 1.028200000000e+04 1.022784239142e+04 1.009939379801e+04 5.572368019466e+02 -1.032679391180e+03 -3.153239992982e+03 -2.091376607131e+02 -1.948311686304e+03 1.125749655108e+03
6.807100000000e-02 1.016100000000e+04 1.010095904736e+04 9.980082964706e+03 5.697067666558e+02 -1.053471007749e+03 -3.180715430196e+03 -2.140364364423e+02 -1.968055630788e+03 1.142518244309e+03
6.905100000000e-02 1.003600000000e+04 9.970458504900e+03 9.857384269691e+03 5.823789473761e+02 -1.074536785181e+03 -3.206651987202e+03 -2.190363593345e+02 -1.987624898316e+03 1.159237346097e+03
7.004400000000e-02 9.907400000000e+03 9.836783426227e+03 9.731775070769e+03 5.952137232423e+02 -1.095807818680e+03 -3.230786306424e+03 -2.241272424071e+02 -2.006959972001e+03 1.175850915735e+03
7.105200000000e-02 9.773500000000e+03 9.698478472921e+03 9.601669785606e+03 6.082213618774e+02 -1.117298078020e+03 -3.252933405413e+03 -2.293192893684e+02 -2.026080597885e+03 1.192370377755e+03
7.207400000000e-02 9.634500000000e+03 9.555810507756e+03 9.467358706710e+03 6.213718319063e+02 -1.138954774288e+03 -3.272844580687e+03 -2.346072631749e+02 -2.044948151667e+03 1.208756597991e+03
7.311100000000e-02 9.490400000000e+03 9.408831077582e+03 9.328910974341e+03 6.346586276441e+02 -1.160764356745e+03 -3.290396910966e+03 -2.399961919669e+02 -2.063563106011e+03 1.225004776124e+03
7.416300000000e-02 9.340800000000e+03 9.257279077848e+03 9.185993306338e+03 6.480605305502e+02 -1.182689038237e+03 -3.305464258742e+03 -2.454858838823e+02 -2.081907202594e+03 1.241093563754e+03
7.523000000000e-02 9.185900000000e+03 9.101410249237e+03 9.038864394947e+03 6.615547825437e+02 -1.204688740571e+03 -3.317928632821e+03 -2.510760654932e+02 -2.099963035510e+03 1.257002264274e+03
7.631300000000e-02 9.025700000000e+03 8.941289972756e+03 8.887583597913e+03 6.751296926644e+02 -1.226741959060e+03 -3.327704719498e+03 -2.567716607286e+02 -2.117731417442e+03 1.272727200149e+03
7.741100000000e-02 8.860200000000e+03 8.777034447671e+03 8.732198593036e+03 6.887466598023e+02 -1.248783529218e+03 -3.334691959121e+03 -2.625670012616e+02 -2.135180488136e+03 1.288235484301e+03
7.852400000000e-02 8.689900000000e+03 8.609156546659e+03 8.573235170590e+03 7.023789910904e+02 -1.270768216115e+03 -3.338855181901e+03 -2.684615614231e+02 -2.152297037369e+03 1.303511088703e+03
7.965400000000e-02 8.515000000000e+03 8.437870044725e+03 8.410907189743e+03 7.160237695366e+02 -1.292689670964e+03 -3.340245201558e+03 -2.744653763934e+02 -2.169099281069e+03 1.318567299431e+03
8.080000000000e-02 8.336100000000e+03 8.263788168716e+03 8.245791488434e+03 7.296396558271e+02 -1.314479750678e+03 -3.338921465302e+03 -2.805724931422e+02 -2.185559942031e+03 1.333376575185e+03
8.196300000000e-02 8.153700000000e+03 8.087389015003e+03 8.078365152138e+03 7.432099218850e+02 -1.336110540802e+03 -3.334985372926e+03 -2.867875020314e+02 -2.201682921146e+03 1.347940327469e+03
8.314200000000e-02 7.968400000000e+03 7.909272533494e+03 7.909162677662e+03 7.566951699307e+02 -1.357518759887e+03 -3.328587904532e+03 -2.931042204558e+02 -2.217445989346e+03 1.362237497842e+03
8.433900000000e-02 7.781100000000e+03 7.730204293502e+03 7.739034253221e+03 7.700890581697e+02 -1.378693877091e+03 -3.319887937043e+03 -2.995324225474e+02 -2.232867984430e+03 1.376284224359e+03
8.555200000000e-02 7.592400000000e+03 7.550785640732e+03 7.568461726445e+03 7.833429734750e+02 -1.399559339419e+03 -3.309127152424e+03 -3.060603305600e+02 -2.247917232388e+03 1.390052064934e+03
8.678300000000e-02 7.403500000000e+03 7.371996446167e+03 7.398535239427e+03 7.964542200608e+02 -1.420111824910e+03 -3.296564624010e+03 -3.126975570981e+02 -2.262614492063e+03 1.403561328162e+03
8.803200000000e-02 7.215100000000e+03 7.194443260795e+03 7.229816314996e+03 8.093972944671e+02 -1.440312334522e+03 -3.282502712734e+03 -3.194428507685e+02 -2.276955723629e+03 1.416809939336e+03
8.929800000000e-02 7.028200000000e+03 7.018977305325e+03 7.063125934932e+03 8.221421708122e+02 -1.460115933447e+03 -3.267284361232e+03 -3.262894602916e+02 -2.290927627188e+03 1.429788512457e+03
9.058300000000e-02 6.843600000000e+03 6.846206882287e+03 6.899106978904e+03 8.346909742246e+02 -1.479528332805e+03 -3.251247160917e+03 -3.332467380269e+02 -2.304551382752e+03 1.442520331940e+03
9.188600000000e-02 6.662500000000e+03 6.677099316860e+03 6.738739361073e+03 8.470168993644e+02 -1.498510777091e+03 -3.234785592562e+03 -3.403076858373e+02 -2.317816214472e+03 1.454999316318e+03
9.320900000000e-02 6.485600000000e+03 6.512144631251e+03 6.582548309437e+03 8.591284542144e+02 -1.517079637330e+03 -3.218239501152e+03 -3.474815014067e+02 -2.330742296799e+03 1.467249463097e+03
9.455000000000e-02 6.313900000000e+03 6.352130257918e+03 6.431286518039e+03 8.709991566346e+02 -1.535198149747e+03 -3.202017835232e+03 -3.547555641898e+02 -2.343311340129e+03 1.479258822426e+03
9.591000000000e-02 6.148200000000e+03 6.197602483955e+03 6.285539765687e+03 8.826332878180e+02 -1.552877187663e+03 -3.186492055454e+03 -3.621334127975e+02 -2.355535413869e+03 1.491044379280e+03
9.729000000000e-02 5.989200000000e+03 6.049011234868e+03 6.145805885570e+03 8.940411916299e+02 -1.570136920712e+03 -3.171987345985e+03 -3.696185672849e+02 -2.367424498377e+03 1.502621688372e+03
9.869000000000e-02 5.837600000000e+03 5.906806943701e+03 6.012556445772e+03 9.052266725982e+02 -1.586988084942e+03 -3.158854805530e+03 -3.772089781554e+02 -2.378980359470e+03 1.513998689806e+03
1.001100000000e-01 5.693900000000e+03 5.771270378651e+03 5.886077529049e+03 9.161976537859e+02 -1.603447767215e+03 -3.147410658210e+03 -3.849025383980e+02 -2.390204570856e+03 1.525182938452e+03
1.015500000000e-01 5.558400000000e+03 5.642518136277e+03 5.766488661204e+03 9.269679022163e+02 -1.619541673334e+03 -3.137896838980e+03 -3.926971540099e+02 -2.401097290568e+03 1.536180179658e+03
1.030100000000e-01 5.431400000000e+03 5.520654053019e+03 5.653901925528e+03 9.375538463449e+02 -1.635300017110e+03 -3.130556753959e+03 -4.005905940639e+02 -2.411659774562e+03 1.546997225728e+03
1.044900000000e-01 5.313200000000e+03 5.405768806400e+03 5.548473267118e+03 9.479750480011e+02 -1.650757175261e+03 -3.125532743389e+03 -4.085806541574e+02 -2.421891704029e+03 1.557638488874e+03
1.060000000000e-01 5.203600000000e+03 5.297385884665e+03 5.449965624253e+03 9.583220171308e+02 -1.666051678453e+03 -3.122845584597e+03 -4.167190165317e+02 -2.431855392313e+03 1.568174401116e+03
1.075200000000e-01 5.102500000000e+03 5.195689518330e+03 5.358124358692e+03 9.684832276407e+02 -1.681023967011e+03 -3.122544433791e+03 -4.248955992349e+02 -2.441417471416e+03 1.578467573894e+03
1.090700000000e-01 5.009400000000e+03 5.099794538178e+03 5.272506366900e+03 9.786179491595e+02 -1.695912894253e+03 -3.124543413045e+03 -4.332158009653e+02 -2.450699755691e+03 1.588651486390e+03
1.106400000000e-01 4.924000000000e+03 5.009552334676e+03 5.192802144770e+03 9.886849406859e+02 -1.710660962987e+03 -3.128698372869e+03 -4.416236187743e+02 -2.459632205680e+03 1.598652692838e+03
1.122300000000e-01 4.845600000000e+03 4.924347324689e+03 5.118376041737e+03 9.987120191715e+02 -1.725312628982e+03 -3.134823521969e+03 -4.501168223816e+02 -2.468209378190e+03 1.608466074638e+03
1.138500000000e-01 4.773300000000e+03 4.843247988836e+03 5.048456129166e+03 1.008783493483e+03 -1.739992773746e+03 -3.142679052664e+03 -4.587465516226e+02 -2.476472423201e+03 1.618140397511e+03
1.154800000000e-01 4.706400000000e+03 4.766068834944e+03 4.982538032463e+03 1.018796544149e+03 -1.754552984040e+03 -3.151810962854e+03 -4.674042237767e+02 -2.484309904391e+03 1.627544113319e+03
1.171400000000e-01 4.643700000000e+03 4.691525018896e+03 4.919627488755e+03 1.028894701771e+03 -1.769203154543e+03 -3.161921619626e+03 -4.761939831879e+02 -2.491808395780e+03 1.636779448171e+03
1.188300000000e-01 4.584200000000e+03 4.618888992576e+03 4.859023561814e+03 1.039086706018e+03 -1.783954436843e+03 -3.172499547988e+03 -4.851134072508e+02 -2.498947510747e+03 1.645823235083e+03
1.205400000000e-01 4.526600000000e+03 4.547467383766e+03 4.799838647272e+03 1.049319951936e+03 -1.798728908758e+03 -3.182895513648e+03 -4.941075115118e+02 -2.505668587897e+03 1.654600369429e+03
1.222700000000e-01 4.469700000000e+03 4.476474557094e+03 4.741278607485e+03 1.059598473285e+03 -1.813530219371e+03 -3.192518623169e+03 -5.031743429216e+02 -2.511959649843e+03 1.663091702904e+03
1.240300000000e-01 4.412100000000e+03 4.404838207287e+03 4.682329561989e+03 1.069972421192e+03 -1.828426188267e+03 -3.200883316070e+03 -5.123641722162e+02 -2.517840480557e+03 1.671322671253e+03
1.258200000000e-01 4.352700000000e+03 4.331918642156e+03 4.622331519855e+03 1.080429086358e+03 -1.843393183747e+03 -3.207406071769e+03 -5.216745061286e+02 -2.523290177557e+03 1.679265198748e+03
1.276300000000e-01 4.290600000000e+03 4.257437896063e+03 4.560840615481e+03 1.090891065550e+03 -1.858314619766e+03 -3.211516913653e+03 -5.310510925731e+02 -2.528262960786e+03 1.686851135742e+03
1.294700000000e-01 4.224700000000e+03 4.180631562813e+03 4.497153929763e+03 1.101385974364e+03 -1.873222887084e+03 -3.212791974318e+03 -5.405434787052e+02 -2.532772757475e+03 1.694100438236e+03
1.313300000000e-01 4.154400000000e+03 4.101473119176e+03 4.431098598075e+03 1.111823512783e+03 -1.887982078088e+03 -3.210768808815e+03 -5.500977490917e+02 -2.536782157075e+03 1.700951652863e+03
1.332200000000e-01 4.079000000000e+03 4.019504491683e+03 4.362301957742e+03 1.122220620760e+03 -1.902608227034e+03 -3.205143772006e+03 -5.597628369833e+02 -2.540302648810e+03 1.707423174056e+03
1.351300000000e-01 3.998100000000e+03 3.934865653892e+03 4.290591427879e+03 1.132477061396e+03 -1.916952068476e+03 -3.195833673949e+03 -5.694850674686e+02 -2.543308555406e+03 1.713466313246e+03
1.370800000000e-01 3.911700000000e+03 3.847355774049e+03 4.216171034713e+03 1.142649639187e+03 -1.931083363721e+03 -3.182626721029e+03 -5.793632381497e+02 -2.545821347537e+03 1.719126817117e+03
1.390500000000e-01 3.819900000000e+03 3.757615537492e+03 4.139161736548e+03 1.152583887330e+03 -1.944778914936e+03 -3.165761824736e+03 -5.892928358695e+02 -2.547809367503e+03 1.724335177168e+03
1.410500000000e-01 3.723400000000e+03 3.666032382802e+03 4.060150528850e+03 1.162281850881e+03 -1.958034157165e+03 -3.145446647088e+03 -5.993212680689e+02 -2.549284451969e+03 1.729114870593e+03
1.430800000000e-01 3.622800000000e+03 3.573112490109e+03 3.979583934545e+03 1.171691190209e+03 -1.970768918791e+03 -3.122004888137e+03 -6.094450136069e+02 -2.550246190725e+03 1.733461035583e+03
1.451400000000e-01 3.519100000000e+03 3.479555004877e+03 3.898124292897e+03 1.180769632199e+03 -1.982920163027e+03 -3.095927413254e+03 -6.196603253241e+02 -2.550698181270e+03 1.737375328286e+03
1.472300000000e-01 3.413800000000e+03 3.386283943869e+03 3.816772785483e+03 1.189478155349e+03 -1.994430797241e+03 -3.067810530284e+03 -6.299632696138e+02 -2.550647016306e+03 1.740863381709e+03
1.493500000000e-01 3.307900000000e+03 3.293909861300e+03 3.736031067792e+03 1.197780674724e+03 -2.005248816783e+03 -3.038304312009e+03 -6.403497612866e+02 -2.550101441752e+03 1.743933337291e+03
1.515000000000e-01 3.202800000000e+03 3.203205209345e+03 3.656668981453e+03 1.205659006040e+03 -2.015350825593e+03 -3.008096493529e+03 -6.508155787020e+02 -2.549072122097e+03 1.746597235611e+03
1.536700000000e-01 3.099900000000e+03 3.115054633944e+03 3.579334966170e+03 1.213067054785e+03 -2.024680742843e+03 -2.978066125965e+03 -6.613081566359e+02 -2.547579890083e+03 1.748860485760e+03
1.558900000000e-01 3.000500000000e+03 3.029563467899e+03 3.504742773933e+03 1.220097577405e+03 -2.033358017799e+03 -2.948510235265e+03 -6.719675949041e+02 -2.545615110438e+03 1.750767784844e+03
1.581300000000e-01 2.905800000000e+03 2.947745522689e+03 3.433345735927e+03 1.226663787655e+03 -2.041283207451e+03 -2.920352985671e+03 -6.826449246054e+02 -2.543214366493e+03 1.752306359358e+03
1.604000000000e-01 2.816800000000e+03 2.869797211706e+03 3.365558341183e+03 1.232815538378e+03 -2.048529119577e+03 -2.893972601989e+03 -6.933838069261e+02 -2.540384402960e+03 1.753503285928e+03
1.627100000000e-01 2.734200000000e+03 2.795748373872e+03 3.301575539945e+03 1.238600882201e+03 -2.055165075098e+03 -2.869650516351e+03 -7.042265522355e+02 -2.537123880250e+03 1.754377711391e+03
1.650500000000e-01 2.658700000000e+03 2.725913503049e+03 3.241693266671e+03 1.244026031562e+03 -2.061214525611e+03 -2.847648050197e+03 -7.151214369531e+02 -2.533455084507e+03 1.754935934337e+03
1.674300000000e-01 2.590300000000e+03 2.659961134764e+03 3.185655200264e+03 1.249150464707e+03 -2.066763470212e+03 -2.828001050405e+03 -7.261101402809e+02 -2.529371961215e+03 1.755191779135e+03
1.698400000000e-01 2.528900000000e+03 2.597820074381e+03 3.133264106079e+03 1.253989259830e+03 -2.071848387909e+03 -2.810733872448e+03 -7.371418704557e+02 -2.524898427724e+03 1.755151362362e+03
1.722800000000e-01 2.474100000000e+03 2.539142326570e+03 3.084252831519e+03 1.258581193496e+03 -2.076531430244e+03 -2.795566418501e+03 -7.482128991725e+02 -2.520040080666e+03 1.754818950173e+03
1.747600000000e-01 2.425200000000e+03 2.483330612319e+03 3.038126542134e+03 1.262984569355e+03 -2.080895152201e+03 -2.782123763954e+03 -7.593642549150e+02 -2.514781296606e+03 1.754195964760e+03
1.772700000000e-01 2.381400000000e+03 2.430068340173e+03 2.994512328766e+03 1.267210112353e+03 -2.084967858298e+03 -2.770013125894e+03 -7.705469673713e+02 -2.509144370618e+03 1.753282730487e+03
1.798200000000e-01 2.341500000000e+03 2.378631137651e+03 2.952785747186e+03 1.271296508815e+03 -2.088801151934e+03 -2.758627821986e+03 -7.818018119254e+02 -2.503106054866e+03 1.752070139174e+03
1.824100000000e-01 2.304200000000e+03 2.328453111201e+03 2.912362459554e+03 1.275263730809e+03 -2.092427658786e+03 -2.747371501546e+03 -7.931244064931e+02 -2.496664248717e+03 1.750550956086e+03
1.850400000000e-01 2.268000000000e+03 2.278950843948e+03 2.872571141423e+03 1.279113204025e+03 -2.095851259129e+03 -2.735667269982e+03 -8.045105646968e+02 -2.489815642787e+03 1.748715586680e+03
1.877000000000e-01 2.231800000000e+03 2.229878525162e+03 2.833168478467e+03 1.282824748351e+03 -2.099051952814e+03 -2.722966551884e+03 -8.159135379674e+02 -2.482584582795e+03 1.746562104733e+03
1.904000000000e-01 2.194100000000e+03 2.180626571576e+03 2.793558788593e+03 1.286403057836e+03 -2.102029099880e+03 -2.708657417417e+03 -8.273727395369e+02 -2.474943105094e+03 1.744074068596e+03
1.931400000000e-01 2.154100000000e+03 2.131015749220e+03 2.753547301960e+03 1.289822501809e+03 -2.104744807264e+03 -2.692434091107e+03 -8.388840064154e+02 -2.466890369193e+03 1.741243547982e+03
1.959200000000e-01 2.110800000000e+03 2.080836079586e+03 2.712804978329e+03 1.293052006318e+03 -2.107152824334e+03 -2.674047075031e+03 -8.504431654072e+02 -2.458426677657e+03 1.738063414787e+03
1.987400000000e-01 2.063900000000e+03 2.030132187058e+03 2.671434579506e+03 1.296058512730e+03 -2.109203782864e+03 -2.653351253371e+03 -8.620459508600e+02 -2.449554196163e+03 1.734528716203e+03
2.016000000000e-01 2.013200000000e+03 1.978988635518e+03 2.629368293124e+03 1.298806994144e+03 -2.110845014587e+03 -2.630493361722e+03 -8.736878429309e+02 -2.440278361421e+03 1.730639521685e+03
2.045000000000e-01 1.959100000000e+03 1.927666914621e+03 2.586886369919e+03 1.301260418730e+03 -2.112020748216e+03 -2.605685587082e+03 -8.853642685636e+02 -2.430606283468e+03 1.726397557682e+03
2.074400000000e-01 1.902200000000e+03 1.876464007262e+03 2.544264153361e+03 1.303387592585e+03 -2.112684080507e+03 -2.579257844726e+03 -8.970705321145e+02 -2.420547103652e+03 1.721807580876e+03
2.104200000000e-01 1.843400000000e+03 1.825728655009e+03 2.501754123283e+03 1.305168265258e+03 -2.112804739003e+03 -2.551719276321e+03 -9.088017470754e+02 -2.410112444452e+03 1.716878696653e+03
2.134500000000e-01 1.784000000000e+03 1.775759688936e+03 2.459737988086e+03 1.306587209123e+03 -2.112351506142e+03 -2.523539024709e+03 -9.205916651860e+02 -2.399279518219e+03 1.711603995976e+03
2.165200000000e-01 1.725200000000e+03 1.727007239900e+03 2.418557763334e+03 1.307630902325e+03 -2.111313331108e+03 -2.495303590601e+03 -9.323957851510e+02 -2.388096931212e+03 1.706011974686e+03
2.196400000000e-01 1.668100000000e+03 1.679623276647e+03 2.378448131290e+03 1.308307610318e+03 -2.109695429287e+03 -2.467338256485e+03 -9.442469947892e+02 -2.376541775355e+03 1.700097090495e+03
2.228000000000e-01 1.613800000000e+03 1.633933802656e+03 2.339611795975e+03 1.308622868951e+03 -2.107515993918e+03 -2.440159430721e+03 -9.561017514587e+02 -2.364666046497e+03 1.693892500900e+03
2.260000000000e-01 1.563300000000e+03 1.590087887532e+03 2.302300802271e+03 1.308594898397e+03 -2.104804451868e+03 -2.413990489466e+03 -9.679555200832e+02 -2.352483692383e+03 1.687411475445e+03
2.292600000000e-01 1.517200000000e+03 1.547918264045e+03 2.266549218792e+03 1.308245660523e+03 -2.101579871998e+03 -2.388768865472e+03 -9.798766618236e+02 -2.339930357966e+03 1.680624161149e+03
2.325500000000e-01 1.475500000000e+03 1.507616266834e+03 2.232233939339e+03 1.307604114063e+03 -2.097913588369e+03 -2.364792313399e+03 -9.917505523959e+02 -2.327134795495e+03 1.673605198860e+03
2.359000000000e-01 1.438200000000e+03 1.468786354522e+03 2.199225911291e+03 1.306687083819e+03 -2.093810327989e+03 -2.341706067385e+03 -1.003681000719e+03 -2.313990641041e+03 1.666298839219e+03
2.392900000000e-01 1.404900000000e+03 1.431446479019e+03 2.167490317378e+03 1.305521572634e+03 -2.089331782656e+03 -2.319419103544e+03 -1.015591846724e+03 -2.300585489720e+03 1.658755088732e+03
2.427400000000e-01 1.374700000000e+03 1.395172599740e+03 2.136637937250e+03 1.304121405618e+03 -2.084487754080e+03 -2.297541926039e+03 -1.027548563468e+03 -2.286849859995e+03 1.650935992691e+03
2.462300000000e-01 1.346800000000e+03 1.359953942510e+03 2.106617401981e+03 1.302502726668e+03 -2.079323465882e+03 -2.275907044919e+03 -1.039477292111e+03 -2.272871005411e+03 1.642890475547e+03
2.497700000000e-01 1.320100000000e+03 1.325491532415e+03 2.077188862681e+03 1.300667317975e+03 -2.073838905213e+03 -2.254125688675e+03 -1.051408550068e+03 -2.258617019292e+03 1.634599413772e+03
2.533700000000e-01 1.293500000000e+03 1.291531945280e+03 2.048136290485e+03 1.298611610889e+03 -2.068026085290e+03 -2.231853191263e+03 -1.063371002955e+03 -2.244055694671e+03 1.626042603637e+03
2.570100000000e-01 1.266100000000e+03 1.258132652129e+03 2.019382671107e+03 1.296339712334e+03 -2.061909569849e+03 -2.209082564146e+03 -1.075293789157e+03 -2.229276257262e+03 1.617271260301e+03
2.607100000000e-01 1.237300000000e+03 1.225087776456e+03 1.990817822280e+03 1.293830169090e+03 -2.055445357836e+03 -2.185575424587e+03 -1.087238114145e+03 -2.214206612360e+03 1.608241458490e+03
2.644600000000e-01 1.206700000000e+03 1.192475361640e+03 1.962485573900e+03 1.291080096392e+03 -2.048638495180e+03 -2.161368702510e+03 -1.099166631080e+03 -2.198897247512e+03 1.598982611944e+03
2.682700000000e-01 1.174100000000e+03 1.160248943989e+03 1.934261809389e+03 1.288072779832e+03 -2.041456782789e+03 -2.136522147019e+03 -1.111105925288e+03 -2.183318007182e+03 1.589476670240e+03
2.721300000000e-01 1.140100000000e+03 1.128601186788e+03 1.906370249766e+03 1.284806867360e+03 -2.033904864387e+03 -2.111251020743e+03 -1.123019522360e+03 -2.167521441574e+03 1.579756206499e+03
2.760400000000e-01 1.105100000000e+03 1.097605451260e+03 1.878841710149e+03 1.281279389893e+03 -2.025977282946e+03 -2.085734459309e+03 -1.134903040932e+03 -2.151519599134e+03 1.569830193060e+03
2.800100000000e-01 1.070000000000e+03 1.067301869300e+03 1.851755824283e+03 1.277483448979e+03 -2.017655647551e+03 -2.060117252713e+03 -1.146781833801e+03 -2.135283911925e+03 1.559682952267e+03
2.840400000000e-01 1.035500000000e+03 1.037759813147e+03 1.825103691038e+03 1.273421768960e+03 -2.008942785727e+03 -2.034619834579e+03 -1.158650289602e+03 -2.118827669698e+03 1.549324890107e+03
2.881300000000e-01 1.002600000000e+03 1.009054480472e+03 1.799027902624e+03 1.269101689853e+03 -1.999849785653e+03 -2.009370260809e+03 -1.170503085674e+03 -2.102163416551e+03 1.538765976782e+03
2.922800000000e-01 9.717200000000e+02 9.811919483875e+02 1.773525043512e+03 1.264534274095e+03 -1.990394226395e+03 -1.984433633332e+03 -1.182335158923e+03 -2.085303486969e+03 1.528016209891e+03
2.964800000000e-01 9.433100000000e+02 9.542298089885e+02 1.748631051730e+03 1.259743310666e+03 -1.980619125160e+03 -1.959921648632e+03 -1.194113836078e+03 -2.068301209547e+03 1.517112187638e+03
3.007500000000e-01 9.173800000000e+02 9.280116993938e+02 1.724237894428e+03 1.254716290749e+03 -1.970496497380e+03 -1.935685064668e+03 -1.205890673465e+03 -2.051087151954e+03 1.506010972376e+03
3.050700000000e-01 8.937200000000e+02 9.026023228410e+02 1.700407423238e+03 1.249486985734e+03 -1.960093100863e+03 -1.911763562874e+03 -1.217606242845e+03 -2.033753284035e+03 1.494773280050e+03
3.094600000000e-01 8.718500000000e+02 8.778320629953e+02 1.676996691520e+03 1.244041278222e+03 -1.949380009578e+03 -1.887967455708e+03 -1.229310710783e+03 -2.016231048304e+03 1.483356111433e+03
3.139200000000e-01 8.511400000000e+02 8.536500017516e+02 1.653941088599e+03 1.238383586173e+03 -1.938368103655e+03 -1.864226996959e+03 -1.240998704288e+03 -1.998531853873e+03 1.471767300760e+03
3.184300000000e-01 8.309300000000e+02 8.301136210133e+02 1.631294773704e+03 1.232543857824e+03 -1.927117540173e+03 -1.840571810713e+03 -1.252614004690e+03 -1.980746026300e+03 1.460066742209e+03
3.230100000000e-01 8.106300000000e+02 8.070910323287e+02 1.608964067948e+03 1.226500651259e+03 -1.915588290977e+03 -1.816840760786e+03 -1.264204426289e+03 -1.962805859284e+03 1.448210733149e+03
3.276600000000e-01 7.898100000000e+02 7.845699743075e+02 1.586906673429e+03 1.220256260298e+03 -1.903785299785e+03 -1.793043810635e+03 -1.275764829715e+03 -1.944722912400e+03 1.436207338828e+03
3.323800000000e-01 7.682800000000e+02 7.625514064556e+02 1.565121779282e+03 1.213813274005e+03 -1.891713518209e+03 -1.769201651999e+03 -1.287290272266e+03 -1.926509207314e+03 1.424065122874e+03
3.371600000000e-01 7.461300000000e+02 7.410884136748e+02 1.543669783259e+03 1.207189416374e+03 -1.879404824399e+03 -1.745398654820e+03 -1.298752179203e+03 -1.908214890060e+03 1.411818450625e+03
3.420100000000e-01 7.236500000000e+02 7.201485160415e+02 1.522517365857e+03 1.200376441414e+03 -1.866841054289e+03 -1.721641666079e+03 -1.310170422453e+03 -1.889812840732e+03 1.399450295015e+03
3.469300000000e-01 7.012600000000e+02 6.997430307104e+02 1.501663735994e+03 1.193380501078e+03 -1.854030516389e+03 -1.697993122504e+03 -1.321540475542e+03 -1.871315088848e+03 1.386969915814e+03
3.519200000000e-01 6.794500000000e+02 6.798788709395e+02 1.481122921076e+03 1.186208436132e+03 -1.840983286565e+03 -1.674496444892e+03 -1.332858035181e+03 -1.852733250960e+03 1.374386361498e+03
3.569900000000e-01 6.586500000000e+02 6.605192619286e+02 1.460876348968e+03 1.178853227508e+03 -1.827685058380e+03 -1.651128431280e+03 -1.344141074740e+03 -1.834041780108e+03 1.361683443158e+03
3.621200000000e-01 6.390900000000e+02 6.417302062021e+02 1.440979334144e+03 1.171352146862e+03 -1.814201313653e+03 -1.628001497776e+03 -1.355341297955e+03 -1.815325826448e+03 1.348920447584e+03
3.673300000000e-01 6.208500000000e+02 6.234271791250e+02 1.421354520830e+03 1.163683182436e+03 -1.800491895633e+03 -1.605027412219e+03 -1.366498760773e+03 -1.796523227072e+03 1.336056194863e+03
3.726200000000e-01 6.038200000000e+02 6.055982075198e+02 1.402000271705e+03 1.155852810406e+03 -1.786569075944e+03 -1.582197635125e+03 -1.377608832843e+03 -1.777645652637e+03 1.323099560737e+03
3.779800000000e-01 5.877000000000e+02 5.882610783654e+02 1.382941007408e+03 1.147882924074e+03 -1.772472123787e+03 -1.559544179816e+03 -1.388646787677e+03 -1.758740033147e+03 1.310083895420e+03
3.834200000000e-01 5.721500000000e+02 5.713702563006e+02 1.364129337558e+03 1.139764909833e+03 -1.758185815355e+03 -1.537021355078e+03 -1.399629497297e+03 -1.739781754337e+03 1.296993168835e+03
3.889300000000e-01 5.568200000000e+02 5.549447473207e+02 1.345588807988e+03 1.131519919408e+03 -1.743747145215e+03 -1.514669639064e+03 -1.410533240305e+03 -1.720816188708e+03 1.283859623415e+03
3.945300000000e-01 5.414500000000e+02 5.389180491648e+02 1.327257807089e+03 1.123124649292e+03 -1.729114910398e+03 -1.492409733194e+03 -1.421393721654e+03 -1.701785685921e+03 1.270644253083e+03
4.002100000000e-01 5.259700000000e+02 5.233149143915e+02 1.309165876921e+03 1.114600622649e+03 -1.714325488331e+03 -1.470295148038e+03 -1.432187069711e+03 -1.682735471911e+03 1.257379188138e+03
4.059700000000e-01 5.104200000000e+02 5.081303963107e+02 1.291309711733e+03 1.105954850357e+03 -1.699389265015e+03 -1.448341101727e+03 -1.442909656723e+03 -1.663676077656e+03 1.244072683673e+03
4.118100000000e-01 4.949600000000e+02 4.933594730603e+02 1.273689240458e+03 1.097194559507e+03 -1.684316959539e+03 -1.426561611772e+03 -1.453558100732e+03 -1.644617871033e+03 1.230732970122e+03
4.177300000000e-01 4.798600000000e+02 4.789966174504e+02 1.256307265360e+03 1.088326594311e+03 -1.669119048066e+03 -1.404967788404e+03 -1.464129107423e+03 -1.625570597655e+03 1.217367789196e+03
4.237400000000e-01 4.653000000000e+02 4.650120210131e+02 1.239131884339e+03 1.079343256599e+03 -1.653781067956e+03 -1.383534593970e+03 -1.474636998861e+03 -1.606512456538e+03 1.203962802363e+03
4.298400000000e-01 4.514300000000e+02 4.514005314434e+02 1.222160946095e+03 1.070251714578e+03 -1.638314401092e+03 -1.362271968272e+03 -1.485077891701e+03 -1.587454234295e+03 1.190526473618e+03
4.360200000000e-01 4.382900000000e+02 4.381769175543e+02 1.205420805426e+03 1.061073342055e+03 -1.622754998394e+03 -1.341219335754e+03 -1.495431446568e+03 -1.568436756237e+03 1.177088436160e+03
4.423000000000e-01 4.257600000000e+02 4.252917675097e+02 1.188856699214e+03 1.051785342270e+03 -1.607063840237e+03 -1.320312998837e+03 -1.505727766829e+03 -1.549408674872e+03 1.163613306566e+03
4.486600000000e-01 4.137000000000e+02 4.127793210265e+02 1.172518696850e+03 1.042424079416e+03 -1.591301828063e+03 -1.299624588487e+03 -1.515930758363e+03 -1.530440415441e+03 1.150151796008e+03
4.551200000000e-01 4.019400000000e+02 4.005936247679e+02 1.156353524823e+03 1.032966761819e+03 -1.575429875222e+03 -1.279094779393e+03 -1.526069310675e+03 -1.511481746187e+03 1.136669028320e+03
4.616600000000e-01 3.903300000000e+02 3.887657567575e+02 1.140410158933e+03 1.023449642588e+03 -1.559507941492e+03 -1.258792137786e+03 -1.536109192376e+03 -1.492600624443e+03 1.123214213049e+03
4.683100000000e-01 3.788300000000e+02 3.772361863803e+02 1.124616384087e+03 1.013835899924e+03 -1.543473520765e+03 -1.238630379691e+03 -1.546093163503e+03 -1.473719977117e+03 1.109733177620e+03
4.750500000000e-01 3.674600000000e+02 3.660351179368e+02 1.109019397959e+03 1.004161361780e+03 -1.527385412884e+03 -1.218678306360e+03 -1.555987573687e+03 -1.454906478498e+03 1.096274214620e+03
4.818800000000e-01 3.563200000000e+02 3.551557907051e+02 1.093618070631e+03 9.944328815207e+02 -1.511253715545e+03 -1.198941105955e+03 -1.565790162313e+03 -1.436168350101e+03 1.082844107023e+03
4.888100000000e-01 3.455000000000e+02 3.445763201463e+02 1.078389363824e+03 9.846427148633e+02 -1.495064721577e+03 -1.179395494745e+03 -1.575512543818e+03 -1.417486655309e+03 1.069430030292e+03
4.958500000000e-01 3.350800000000e+02 3.342771808059e+02 1.063312340067e+03 9.747835580727e+02 -1.478805717302e+03 -1.160020103392e+03 -1.585165310062e+03 -1.398844025415e+03 1.056020189834e+03
5.029800000000e-01 3.250800000000e+02 3.242821347140e+02 1.048429494714e+03 9.648901799267e+02 -1.462533209637e+03 -1.140875010517e+03 -1.594718405801e+03 -1.380301998479e+03 1.042659647842e+03
5.102200000000e-01 3.154600000000e+02 3.145574827402e+02 1.033698480187e+03 9.549410933086e+02 -1.446211141192e+03 -1.121911439372e+03 -1.604195977033e+03 -1.361816736403e+03 1.029317502909e+03
5.175600000000e-01 3.061600000000e+02 3.051117384708e+02 1.019140011883e+03 9.449565566551e+02 -1.429872030716e+03 -1.103160727715e+03 -1.613582138832e+03 -1.343422309640e+03 1.016019041811e+03
5.250100000000e-01 2.970800000000e+02 2.959269568914e+02 1.004734741737e+03 9.349295142285e+02 -1.413503521968e+03 -1.084601914243e+03 -1.622887153562e+03 -1.325101846840e+03 1.002752799371e+03
5.325600000000e-01 2.882000000000e+02 2.870102986148e+02 9.905019583029e+02 9.248796459777e+02 -1.397136952201e+03 -1.066264704845e+03 -1.632095978282e+03 -1.306887764463e+03 9.895428845781e+02
5.402200000000e-01 2.794900000000e+02 2.783446581861e+02 9.764229953080e+02 9.147999764465e+02 -1.380760038443e+03 -1.048128785863e+03 -1.641218631885e+03 -1.288763373524e+03 9.763779058722e+02
5.480000000000e-01 2.709700000000e+02 2.699147712512e+02 9.624809543181e+02 9.046839669754e+02 -1.364361386848e+03 -1.030175849591e+03 -1.650264172481e+03 -1.270713481690e+03 9.632474610672e+02
5.558800000000e-01 2.627000000000e+02 2.617374968129e+02 9.487119236799e+02 8.945635950048e+02 -1.347992097489e+03 -1.012456432857e+03 -1.659206946826e+03 -1.252791925740e+03 9.501913162489e+02
5.638800000000e-01 2.546900000000e+02 2.537871302044e+02 9.350813941939e+02 8.844192229498e+02 -1.331619544434e+03 -9.949290140203e+02 -1.668067665792e+03 -1.234960211327e+03 9.371821141987e+02
5.719900000000e-01 2.469600000000e+02 2.460692242093e+02 9.216072376774e+02 8.742696193624e+02 -1.315273267963e+03 -9.776196210860e+02 -1.676832944620e+03 -1.217247981587e+03 9.242420956955e+02
5.802200000000e-01 2.394800000000e+02 2.385697474437e+02 9.082733847779e+02 8.641081325057e+02 -1.298941850498e+03 -9.605108207648e+02 -1.685511373653e+03 -1.199640405358e+03 9.113609998700e+02
5.885700000000e-01 2.322300000000e+02 2.312846799509e+02 8.950812431777e+02 8.539409198711e+02 -1.282634423418e+03 -9.436064160339e+02 -1.694100758289e+03 -1.182144674253e+03 8.985447088734e+02
5.970400000000e-01 2.251700000000e+02 2.242098794836e+02 8.820317612720e+02 8.437738035227e+02 -1.266359606005e+03 -9.269101987952e+02 -1.702598919309e+03 -1.164767703379e+03 8.857988505853e+02
6.056300000000e-01 2.182800000000e+02 2.173411033773e+02 8.691256867679e+02 8.336123842685e+02 -1.250125627453e+03 -9.104256003553e+02 -1.711003845596e+03 -1.147516030710e+03 8.731287728974e+02
6.143400000000e-01 2.115700000000e+02 2.106740269669e+02 8.563639447347e+02 8.234622450417e+02 -1.233940566945e+03 -8.941551791284e+02 -1.719313917046e+03 -1.130395689564e+03 8.605395243435e+02
6.231800000000e-01 2.050500000000e+02 2.041970927306e+02 8.437329264679e+02 8.133173012077e+02 -1.217794041300e+03 -8.780837266900e+02 -1.727536633873e+03 -1.113393493981e+03 8.480219243439e+02
6.321500000000e-01 1.987200000000e+02 1.979067853347e+02 8.312341596528e+02 8.031832658572e+02 -1.201694478139e+03 -8.622148920209e+02 -1.735669857663e+03 -1.096516103248e+03 8.355813842148e+02
6.412400000000e-01 1.926000000000e+02 1.918060452986e+02 8.188826274213e+02 7.930767831855e+02 -1.185667524513e+03 -8.465685216038e+02 -1.743703078125e+03 -1.079787867118e+03 8.232364323400e+02
6.504700000000e-01 1.866700000000e+02 1.858777433382e+02 8.066521844885e+02 7.829808548588e+02 -1.169685570384e+03 -8.311132882899e+02 -1.751652095448e+03 -1.063177980210e+03 8.109648129729e+02
6.598300000000e-01 1.809100000000e+02 1.801249501995e+02 7.945576254722e+02 7.729117839723e+02 -1.153773743205e+03 -8.158690005894e+02 -1.759506419914e+03 -1.046710531121e+03 7.987848169228e+02
6.693200000000e-01 1.753200000000e+02 1.745438190347e+02 7.825999661150e+02 7.628745378357e+02 -1.137939123904e+03 -8.008374623219e+02 -1.767264769172e+03 -1.030390562774e+03 7.867007122878e+02
6.789500000000e-01 1.698700000000e+02 1.691249564175e+02 7.707677265974e+02 7.528635532863e+02 -1.122172302994e+03 -7.860055250595e+02 -1.774933630705e+03 -1.014206387809e+03 7.747042927074e+02
6.887200000000e-01 1.645900000000e+02 1.638651583816e+02 7.590625682292e+02 7.428839945971e+02 -1.106480732611e+03 -7.713756714710e+02 -1.782511392654e+03 -9.981635071435e+02 7.628001148194e+02
6.986300000000e-01 1.594600000000e+02 1.587611440284e+02 7.474859528553e+02 7.329408013066e+02 -1.090871490428e+03 -7.569500338840e+02 -1.789996611094e+03 -9.822670634444e+02 7.509924710756e+02
7.086800000000e-01 1.544900000000e+02 1.538095707214e+02 7.360389327188e+02 7.230386040940e+02 -1.075351221529e+03 -7.427308451716e+02 -1.797387812489e+03 -9.665220410060e+02 7.392854881345e+02
7.188800000000e-01 1.496700000000e+02 1.490024390736e+02 7.247116603768e+02 7.131722861280e+02 -1.059911220977e+03 -7.287058737053e+02 -1.804691003832e+03 -9.509176667273e+02 7.276716183127e+02
7.292200000000e-01 1.449900000000e+02 1.443413343785e+02 7.135165831324e+02 7.033560946818e+02 -1.044573131121e+03 -7.148906869992e+02 -1.811897736121e+03 -9.354739006401e+02 7.161661538767e+02
7.397200000000e-01 1.404500000000e+02 1.398143504711e+02 7.024335727504e+02 6.935757115899e+02 -1.029313995673e+03 -7.012608759207e+02 -1.819020429349e+03 -9.201658352409e+02 7.047509299162e+02
7.503600000000e-01 1.360400000000e+02 1.354271713846e+02 6.914853051060e+02 6.838542473197e+02 -1.014169195129e+03 -6.878438019487e+02 -1.826044416770e+03 -9.050269251170e+02 6.934513365850e+02
7.611600000000e-01 1.317600000000e+02 1.311685524718e+02 6.806524001625e+02 6.741776451739e+02 -9.991162105215e+02 -6.746157456037e+02 -1.832981772523e+03 -8.900328932616e+02 6.822496543594e+02
7.721100000000e-01 1.276100000000e+02 1.270396707659e+02 6.699462548569e+02 6.645590916911e+02 -9.841749680968e+02 -6.615907326484e+02 -1.839824811648e+03 -8.752019922574e+02 6.711598959432e+02
7.832200000000e-01 1.235900000000e+02 1.230339376106e+02 6.593584468870e+02 6.549938163566e+02 -9.693373898300e+02 -6.487577946779e+02 -1.846578917073e+03 -8.605243887136e+02 6.601751292940e+02
7.944900000000e-01 1.196900000000e+02 1.191487400535e+02 6.488904445977e+02 6.454859807474e+02 -9.546093722721e+02 -6.361186454261e+02 -1.853242862141e+03 -8.460042931199e+02 6.492988601626e+02
8.059200000000e-01 1.159100000000e+02 1.153814206099e+02 6.385436142014e+02 6.360395515637e+02 -9.399964746718e+02 -6.236745097772e+02 -1.859815655476e+03 -8.316454539329e+02 6.385342617336e+02
8.175100000000e-01 1.122400000000e+02 1.117292882436e+02 6.283192452166e+02 6.266582501481e+02 -9.255038101547e+02 -6.114259212160e+02 -1.866296631596e+03 -8.174510409695e+02 6.278841054785e+02
8.292800000000e-01 1.086800000000e+02 1.081837380455e+02 6.182012832404e+02 6.173298889105e+02 -9.111120368861e+02 -5.993535634759e+02 -1.872695701417e+03 -8.034007305626e+02 6.173334599075e+02
8.412100000000e-01 1.052200000000e+02 1.047484509443e+02 6.082083879511e+02 6.080740449904e+02 -8.968507913664e+02 -5.874791005021e+02 -1.879001037027e+03 -7.895219835409e+02 6.069032886687e+02
8.533100000000e-01 1.018800000000e+02 1.014179674542e+02 5.983332194852e+02 5.988862335120e+02 -8.827125426032e+02 -5.757927762586e+02 -1.885217437027e+03 -7.758058299332e+02 5.965872178975e+02
8.655900000000e-01 9.863000000000e+01 9.818730735177e+01 5.885690932862e+02 5.897625689700e+02 -8.686908146600e+02 -5.642863260099e+02 -1.891348985167e+03 -7.622445549339e+02 5.863797438026e+02
8.780400000000e-01 9.548300000000e+01 9.505684126983e+01 5.789253609455e+02 5.807139191675e+02 -8.548017473116e+02 -5.529697293462e+02 -1.897390006464e+03 -7.488521489720e+02 5.762917290396e+02
8.906800000000e-01 9.243200000000e+01 9.201941484410e+01 5.693880279760e+02 5.717291849487e+02 -8.410277584348e+02 -5.418255629727e+02 -1.903349452649e+03 -7.356101546300e+02 5.663095903770e+02
9.034900000000e-01 8.947400000000e+01 8.907768282940e+01 5.599733861403e+02 5.628258159960e+02 -8.273951061841e+02 -5.308724039898e+02 -1.909217072393e+03 -7.225425780447e+02 5.564517076007e+02
9.164900000000e-01 8.660600000000e+01 8.622487020710e+01 5.506678252029e+02 5.539928213509e+02 -8.138863955772e+02 -5.200932548391e+02 -1.915001605058e+03 -7.096313397976e+02 5.467047618599e+02
9.296800000000e-01 8.382700000000e+01 8.345907480401e+01 5.414728717824e+02 5.452334789076e+02 -8.005061404713e+02 -5.094889695376e+02 -1.920702263799e+03 -6.968794319658e+02 5.370712972438e+02
9.430500000000e-01 8.113400000000e+01 8.078031871634e+01 5.323965978895e+02 5.365573795504e+02 -7.872685081120e+02 -4.990680681214e+02 -1.926314145885e+03 -6.842989943815e+02 5.275607566537e+02
9.566200000000e-01 7.852400000000e+01 7.818263592609e+01 5.234266794009e+02 5.279543912908e+02 -7.741575050563e+02 -4.888149895408e+02 -1.931845272020e+03 -6.718733348932e+02 5.181608197017e+02
9.703900000000e-01 7.599400000000e+01 7.566430831901e+01 5.145646478161e+02 5.194276371566e+02 -7.611774347458e+02 -4.787306446952e+02 -1.937294842061e+03 -6.596053525159e+02 5.088739341549e+02
9.843500000000e-01 7.354200000000e+01 7.322529168491e+01 5.058179829409e+02 5.109859609514e+02 -7.483412903212e+02 -4.688227151252e+02 -1.942658386756e+03 -6.475062077137e+02 4.997088033476e+02
9.985100000000e-01 7.116600000000e+01 7.086194802451e+01 4.971813275463e+02 5.026256442979e+02 -7.356428899088e+02 -4.590837257305e+02 -1.947939592955e+03 -6.355688027859e+02 4.906603336794e+02
1.012900000000e+00 6.886400000000e+01 6.856781691155e+01 4.886381724297e+02 4.943321869803e+02 -7.230598046961e+02 -4.494942795738e+02 -1.953148697475e+03 -6.237709616379e+02 4.817119386335e+02
