9.920100000000E-04 3.815200000000E+03 3.813066565198E+03
1.006300000000E-03 3.866000000000E+03 3.863988084663E+03
1.020800000000E-03 3.917500000000E+03 3.915581834037E+03
1.035500000000E-03 3.969700000000E+03 3.967799306493E+03
1.050400000000E-03 4.022500000000E+03 4.020622616196E+03
1.065500000000E-03 4.075900000000E+03 4.074051673146E+03
1.080800000000E-03 4.130100000000E+03 4.128095754377E+03
1.096300000000E-03 4.184800000000E+03 4.182743755358E+03
1.112100000000E-03 4.240300000000E+03 4.238332880744E+03
1.128100000000E-03 4.296500000000E+03 4.294536854812E+03
1.144400000000E-03 4.353300000000E+03 4.351649928636E+03
1.160800000000E-03 4.410900000000E+03 4.409013868238E+03
1.177500000000E-03 4.469100000000E+03 4.467311524441E+03
1.194500000000E-03 4.528100000000E+03 4.526523814368E+03
1.211600000000E-03 4.587800000000E+03 4.585965560117E+03
1.229100000000E-03 4.648200000000E+03 4.646666307306E+03
1.246800000000E-03 4.709300000000E+03 4.707928155496E+03
1.264700000000E-03 4.771200000000E+03 4.769747636917E+03
1.282900000000E-03 4.833900000000E+03 4.832462000281E+03
1.301400000000E-03 4.897200000000E+03 4.896069106157E+03
1.320100000000E-03 4.961400000000E+03 4.960210855399E+03
1.339100000000E-03 5.026300000000E+03 5.025232083367E+03
1.358300000000E-03 5.092000000000E+03 5.090782991590E+03
1.377900000000E-03 5.158500000000E+03 5.157532653557E+03
1.397700000000E-03 5.225800000000E+03 5.224811532133E+03
1.417800000000E-03 5.293800000000E+03 5.292934042480E+03
1.438200000000E-03 5.362700000000E+03 5.361899980690E+03
1.458900000000E-03 5.432400000000E+03 5.431702308436E+03
1.479900000000E-03 5.502800000000E+03 5.502332623519E+03
1.501200000000E-03 5.574200000000E+03 5.573784516253E+03
1.522800000000E-03 5.646300000000E+03 5.646046546409E+03
1.544700000000E-03 5.719300000000E+03 5.719115576968E+03
1.566900000000E-03 5.793100000000E+03 5.792979405804E+03
1.589500000000E-03 5.867800000000E+03 5.867965771779E+03
1.612400000000E-03 5.943300000000E+03 5.943739327524E+03
1.635600000000E-03 6.019700000000E+03 6.020266212962E+03
1.659100000000E-03 6.096900000000E+03 6.097563856095E+03
1.683000000000E-03 6.175000000000E+03 6.175944244123E+03
1.707200000000E-03 6.254100000000E+03 6.255068016170E+03
1.731700000000E-03 6.334000000000E+03 6.334926676147E+03
1.756700000000E-03 6.414700000000E+03 6.416158591576E+03
1.781900000000E-03 6.496400000000E+03 6.497794573714E+03
1.807600000000E-03 6.579000000000E+03 6.580760179715E+03
1.833600000000E-03 6.662500000000E+03 6.664430333334E+03
1.860000000000E-03 6.746900000000E+03 6.749102870503E+03
1.886700000000E-03 6.832300000000E+03 6.834450228512E+03
1.913900000000E-03 6.918600000000E+03 6.921097664440E+03
1.941400000000E-03 7.005800000000E+03 7.008393263265E+03
1.969300000000E-03 7.093900000000E+03 7.096646396474E+03
1.997700000000E-03 7.183000000000E+03 7.186159759548E+03
2.026400000000E-03 7.273000000000E+03 7.276283687216E+03
2.055600000000E-03 7.364000000000E+03 7.367600295953E+03
2.085100000000E-03 7.455900000000E+03 7.459582778297E+03
2.115100000000E-03 7.548800000000E+03 7.552745378325E+03
2.145600000000E-03 7.642700000000E+03 7.647055524215E+03
2.176500000000E-03 7.737600000000E+03 7.742238905746E+03
2.207800000000E-03 7.833400000000E+03 7.838248189855E+03
2.239500000000E-03 7.930200000000E+03 7.935136422263E+03
2.271800000000E-03 8.027900000000E+03 8.033451145965E+03
2.304400000000E-03 8.126700000000E+03 8.132176359635E+03
2.337600000000E-03 8.226400000000E+03 8.232336867157E+03
2.371200000000E-03 8.327200000000E+03 8.333258188781E+03
2.405400000000E-03 8.428900000000E+03 8.435521725719E+03
2.440000000000E-03 8.531700000000E+03 8.538528032651E+03
2.475100000000E-03 8.635400000000E+03 8.642529897023E+03
2.510700000000E-03 8.740100000000E+03 8.747526291665E+03
2.546800000000E-03 8.845800000000E+03 8.853493414569E+03
2.583400000000E-03 8.952600000000E+03 8.960438297981E+03
2.620600000000E-03 9.060300000000E+03 9.068570466553E+03
2.658300000000E-03 9.169100000000E+03 9.177594900316E+03
2.696600000000E-03 9.278800000000E+03 9.287815486692E+03
2.735400000000E-03 9.389600000000E+03 9.398900433639E+03
2.774700000000E-03 9.501400000000E+03 9.510832483439E+03
2.814700000000E-03 9.614200000000E+03 9.624149704146E+03
2.855200000000E-03 9.728000000000E+03 9.738263794990E+03
2.896200000000E-03 9.842800000000E+03 9.853154936351E+03
2.937900000000E-03 9.958600000000E+03 9.969356445543E+03
2.980200000000E-03 1.007500000000E+04 1.008654420994E+04
3.023100000000E-03 1.019300000000E+04 1.020474858317E+04
3.066600000000E-03 1.031200000000E+04 1.032388012803E+04
3.110700000000E-03 1.043200000000E+04 1.044392986658E+04
3.155400000000E-03 1.055300000000E+04 1.056488352639E+04
3.200800000000E-03 1.067400000000E+04 1.068694069951E+04
3.246900000000E-03 1.079700000000E+04 1.081021631819E+04
3.293600000000E-03 1.092100000000E+04 1.093418648315E+04
3.341000000000E-03 1.104600000000E+04 1.105919634050E+04
3.389100000000E-03 1.117100000000E+04 1.118531316166E+04
3.437800000000E-03 1.129800000000E+04 1.131209910090E+04
3.487300000000E-03 1.142600000000E+04 1.144010321729E+04
3.537500000000E-03 1.155400000000E+04 1.156901315336E+04
3.588400000000E-03 1.168400000000E+04 1.169880067587E+04
3.640000000000E-03 1.181400000000E+04 1.182942105783E+04
3.692400000000E-03 1.194500000000E+04 1.196114494668E+04
3.745500000000E-03 1.207800000000E+04 1.209362079184E+04
3.799400000000E-03 1.221100000000E+04 1.222709873280E+04
3.854100000000E-03 1.234500000000E+04 1.236151223707E+04
3.909500000000E-03 1.248000000000E+04 1.249662618365E+04
3.965800000000E-03 1.261600000000E+04 1.263279849477E+04
4.022800000000E-03 1.275300000000E+04 1.276958998629E+04
4.080700000000E-03 1.289000000000E+04 1.290739519515E+04
4.139400000000E-03 1.302900000000E+04 1.304598198704E+04
4.199000000000E-03 1.316800000000E+04 1.318549841734E+04
4.259400000000E-03 1.330800000000E+04 1.332567590903E+04
4.320700000000E-03 1.344900000000E+04 1.346670021766E+04
4.382800000000E-03 1.359100000000E+04 1.360831793957E+04
4.445900000000E-03 1.373300000000E+04 1.375092820281E+04
4.509900000000E-03 1.387600000000E+04 1.389423080028E+04
4.574800000000E-03 1.402000000000E+04 1.403820945654E+04
4.640600000000E-03 1.416500000000E+04 1.418280882109E+04
4.707300000000E-03 1.431000000000E+04 1.432798301881E+04
4.775100000000E-03 1.445600000000E+04 1.447413074626E+04
4.843800000000E-03 1.460200000000E+04 1.462067525537E+04
4.913500000000E-03 1.475000000000E+04 1.476793540189E+04
4.984200000000E-03 1.489800000000E+04 1.491574276134E+04
5.055900000000E-03 1.504600000000E+04 1.506408039170E+04
5.128600000000E-03 1.519500000000E+04 1.521289429699E+04
5.202400000000E-03 1.534400000000E+04 1.536233671470E+04
5.277300000000E-03 1.549400000000E+04 1.551232131706E+04
5.353200000000E-03 1.564500000000E+04 1.566262043479E+04
5.430200000000E-03 1.579600000000E+04 1.581336780366E+04
5.508400000000E-03 1.594700000000E+04 1.596469835050E+04
5.587600000000E-03 1.609900000000E+04 1.611616392242E+04
5.668000000000E-03 1.625100000000E+04 1.626811405564E+04
5.749600000000E-03 1.640300000000E+04 1.642039068780E+04
5.832300000000E-03 1.655600000000E+04 1.657284400999E+04
5.916200000000E-03 1.670900000000E+04 1.672556230386E+04
6.001300000000E-03 1.686200000000E+04 1.687845638020E+04
6.087700000000E-03 1.701600000000E+04 1.703170246526E+04
6.175300000000E-03 1.716900000000E+04 1.718499587930E+04
6.264100000000E-03 1.732300000000E+04 1.733827769229E+04
6.354300000000E-03 1.747700000000E+04 1.749185580506E+04
6.445700000000E-03 1.763000000000E+04 1.764525438579E+04
6.538400000000E-03 1.778400000000E+04 1.779863249430E+04
6.632500000000E-03 1.793800000000E+04 1.795207307750E+04
6.727900000000E-03 1.809100000000E+04 1.810530930634E+04
6.824700000000E-03 1.824500000000E+04 1.825845833211E+04
6.922900000000E-03 1.839800000000E+04 1.841142976762E+04
7.022500000000E-03 1.855100000000E+04 1.856414397835E+04
7.123600000000E-03 1.870400000000E+04 1.871672694124E+04
7.226100000000E-03 1.885600000000E+04 1.886878981522E+04
7.330000000000E-03 1.900800000000E+04 1.902044894318E+04
7.435500000000E-03 1.916000000000E+04 1.917181450552E+04
7.542500000000E-03 1.930900000000E+04 1.932267351006E+04
7.651000000000E-03 1.946000000000E+04 1.947294481170E+04
7.761100000000E-03 1.961000000000E+04 1.962268824703E+04
7.872800000000E-03 1.975900000000E+04 1.977179986703E+04
7.986000000000E-03 1.990800000000E+04 1.992007359819E+04
8.101000000000E-03 2.005600000000E+04 2.006782192854E+04
8.217500000000E-03 2.020300000000E+04 2.021456549600E+04
8.335700000000E-03 2.034900000000E+04 2.036039431687E+04
8.455700000000E-03 2.049400000000E+04 2.050546990468E+04
8.577300000000E-03 2.063800000000E+04 2.064936859791E+04
8.700800000000E-03 2.078200000000E+04 2.079235956612E+04
8.825900000000E-03 2.092400000000E+04 2.093404029822E+04
8.952900000000E-03 2.106400000000E+04 2.107459820162E+04
9.081800000000E-03 2.120400000000E+04 2.121396402207E+04
9.212400000000E-03 2.134200000000E+04 2.135181729320E+04
9.345000000000E-03 2.147900000000E+04 2.148836985627E+04
9.479400000000E-03 2.161400000000E+04 2.162331446136E+04
9.615800000000E-03 2.174800000000E+04 2.175675960627E+04
9.754200000000E-03 2.187900000000E+04 2.188855391660E+04
9.894500000000E-03 2.201000000000E+04 2.201855334258E+04
1.003700000000E-02 2.213800000000E+04 2.214688761661E+04
1.018100000000E-02 2.226500000000E+04 2.227283819895E+04
1.032800000000E-02 2.238900000000E+04 2.239758877775E+04
1.047600000000E-02 2.251200000000E+04 2.251932549346E+04
1.062700000000E-02 2.263200000000E+04 2.263961850366E+04
1.078000000000E-02 2.275000000000E+04 2.275749820902E+04
1.093500000000E-02 2.286600000000E+04 2.287281550616E+04
1.109200000000E-02 2.297900000000E+04 2.298561988245E+04
1.125200000000E-02 2.309000000000E+04 2.309633924101E+04
1.141400000000E-02 2.319900000000E+04 2.320418639984E+04
1.157800000000E-02 2.330400000000E+04 2.330905815606E+04
1.174500000000E-02 2.340700000000E+04 2.341147428936E+04
1.191400000000E-02 2.350700000000E+04 2.351066729655E+04
1.208500000000E-02 2.360400000000E+04 2.360652768895E+04
1.225900000000E-02 2.369800000000E+04 2.369950436074E+04
1.243500000000E-02 2.378900000000E+04 2.378891940924E+04
1.261400000000E-02 2.387400000000E+04 2.387515233271E+04
1.279600000000E-02 2.395900000000E+04 2.395803312691E+04
1.298000000000E-02 2.403900000000E+04 2.403696924282E+04
1.316700000000E-02 2.411700000000E+04 2.411227575348E+04
1.335600000000E-02 2.419000000000E+04 2.418342064735E+04
1.354800000000E-02 2.426000000000E+04 2.425065967726E+04
1.374300000000E-02 2.432600000000E+04 2.431381302825E+04
1.394100000000E-02 2.438800000000E+04 2.437279543319E+04
1.414200000000E-02 2.444600000000E+04 2.442742301239E+04
1.434500000000E-02 2.450000000000E+04 2.447724022043E+04
1.455200000000E-02 2.455000000000E+04 2.452269333381E+04
1.476100000000E-02 2.459500000000E+04 2.456317353685E+04
1.497300000000E-02 2.463600000000E+04 2.459876555970E+04
1.518900000000E-02 2.467300000000E+04 2.462953528021E+04
1.540700000000E-02 2.470500000000E+04 2.465501532350E+04
1.562900000000E-02 2.473200000000E+04 2.467534789731E+04
1.585400000000E-02 2.475400000000E+04 2.469030919137E+04
1.608200000000E-02 2.477200000000E+04 2.469979332155E+04
1.631300000000E-02 2.478400000000E+04 2.470374292679E+04
1.654800000000E-02 2.479200000000E+04 2.470202451863E+04
1.678600000000E-02 2.479400000000E+04 2.469456730772E+04
1.702800000000E-02 2.479100000000E+04 2.468124852929E+04
1.727300000000E-02 2.478300000000E+04 2.466204983842E+04
1.752100000000E-02 2.477100000000E+04 2.463693897889E+04
1.777300000000E-02 2.475200000000E+04 2.460576882177E+04
1.802900000000E-02 2.472800000000E+04 2.456847417025E+04
1.828800000000E-02 2.469700000000E+04 2.452517832506E+04
1.855200000000E-02 2.466200000000E+04 2.447552274612E+04
1.881800000000E-02 2.462000000000E+04 2.442008320005E+04
1.908900000000E-02 2.457300000000E+04 2.435825467423E+04
1.936400000000E-02 2.452000000000E+04 2.429027294328E+04
1.964300000000E-02 2.446100000000E+04 2.421616264237E+04
1.992500000000E-02 2.439600000000E+04 2.413629576083E+04
2.021200000000E-02 2.432500000000E+04 2.405016122113E+04
2.050300000000E-02 2.424800000000E+04 2.395813964594E+04
2.079800000000E-02 2.416600000000E+04 2.386034883556E+04
2.109700000000E-02 2.407700000000E+04 2.375690689756E+04
2.140000000000E-02 2.398200000000E+04 2.364797654396E+04
2.170800000000E-02 2.388100000000E+04 2.353334538760E+04
2.202100000000E-02 2.377500000000E+04 2.341314237542E+04
2.233800000000E-02 2.366200000000E+04 2.328794883852E+04
2.265900000000E-02 2.354300000000E+04 2.315797174656E+04
2.298500000000E-02 2.341800000000E+04 2.302300770684E+04
2.331600000000E-02 2.328800000000E+04 2.288327900195E+04
2.365100000000E-02 2.315100000000E+04 2.273945492191E+04
2.399100000000E-02 2.301000000000E+04 2.259127405940E+04
2.433700000000E-02 2.286200000000E+04 2.243861200584E+04
2.468700000000E-02 2.270900000000E+04 2.228256598874E+04
2.504200000000E-02 2.255000000000E+04 2.212294945542E+04
2.540200000000E-02 2.238600000000E+04 2.196002289703E+04
2.576800000000E-02 2.221700000000E+04 2.179358276507E+04
2.613900000000E-02 2.204300000000E+04 2.162434316544E+04
2.651500000000E-02 2.186400000000E+04 2.145255568179E+04
2.689600000000E-02 2.168000000000E+04 2.127844219499E+04
2.728300000000E-02 2.149100000000E+04 2.110190124432E+04
2.767600000000E-02 2.129800000000E+04 2.092307388077E+04
2.807400000000E-02 2.110100000000E+04 2.074267338705E+04
2.847800000000E-02 2.089900000000E+04 2.056049661356E+04
2.888800000000E-02 2.069400000000E+04 2.037675618419E+04
2.930300000000E-02 2.048500000000E+04 2.019212748603E+04
2.972500000000E-02 2.027300000000E+04 2.000594796301E+04
3.015200000000E-02 2.005700000000E+04 1.981921223383E+04
3.058600000000E-02 1.983900000000E+04 1.963133084387E+04
3.102600000000E-02 1.961800000000E+04 1.944288123388E+04
3.147300000000E-02 1.939400000000E+04 1.925362058312E+04
3.192600000000E-02 1.916900000000E+04 1.906412995115E+04
3.238500000000E-02 1.894100000000E+04 1.887453930423E+04
3.285100000000E-02 1.871200000000E+04 1.868463426289E+04
3.332400000000E-02 1.848200000000E+04 1.849449542455E+04
3.380300000000E-02 1.825100000000E+04 1.830467636184E+04
3.429000000000E-02 1.802000000000E+04 1.811449741904E+04
3.478300000000E-02 1.778800000000E+04 1.792485656710E+04
3.528300000000E-02 1.755700000000E+04 1.773546685865E+04
3.579100000000E-02 1.732500000000E+04 1.754604063904E+04
3.630600000000E-02 1.709500000000E+04 1.735707649686E+04
3.682800000000E-02 1.686500000000E+04 1.716859916270E+04
3.735800000000E-02 1.663700000000E+04 1.698037717508E+04
3.789600000000E-02 1.641000000000E+04 1.679248256511E+04
3.844100000000E-02 1.618600000000E+04 1.660532367147E+04
3.899400000000E-02 1.596300000000E+04 1.641862752137E+04
3.955500000000E-02 1.574300000000E+04 1.623245432138E+04
4.012400000000E-02 1.552600000000E+04 1.604686227501E+04
4.070200000000E-02 1.531200000000E+04 1.586158455246E+04
4.128700000000E-02 1.510200000000E+04 1.567740061066E+04
4.188100000000E-02 1.489500000000E+04 1.549354530949E+04
4.248400000000E-02 1.469200000000E+04 1.531023543332E+04
4.309500000000E-02 1.449300000000E+04 1.512776156990E+04
4.371500000000E-02 1.429900000000E+04 1.494587709936E+04
4.434400000000E-02 1.410900000000E+04 1.476465438814E+04
4.498200000000E-02 1.392300000000E+04 1.458411585709E+04
4.562900000000E-02 1.374300000000E+04 1.440423539625E+04
4.628600000000E-02 1.356700000000E+04 1.422502783257E+04
4.695200000000E-02 1.339600000000E+04 1.404657259527E+04
4.762800000000E-02 1.323000000000E+04 1.386872723538E+04
4.831300000000E-02 1.306900000000E+04 1.369180152096E+04
4.900800000000E-02 1.291300000000E+04 1.351558057045E+04
4.971300000000E-02 1.276100000000E+04 1.334010915012E+04
5.042800000000E-02 1.261500000000E+04 1.316543666069E+04
5.115400000000E-02 1.247300000000E+04 1.299136456303E+04
5.189000000000E-02 1.233600000000E+04 1.281819132124E+04
5.263700000000E-02 1.220400000000E+04 1.264572326709E+04
5.339400000000E-02 1.207600000000E+04 1.247423972165E+04
5.416200000000E-02 1.195100000000E+04 1.230355868102E+04
5.494100000000E-02 1.183000000000E+04 1.213371521612E+04
5.573200000000E-02 1.171300000000E+04 1.196459036940E+04
5.653400000000E-02 1.159800000000E+04 1.179641328818E+04
5.734700000000E-02 1.148600000000E+04 1.162922186080E+04
5.817200000000E-02 1.137600000000E+04 1.146288196143E+04
5.900900000000E-02 1.126800000000E+04 1.129744872321E+04
5.985800000000E-02 1.116100000000E+04 1.113294635036E+04
6.072000000000E-02 1.105400000000E+04 1.096927756289E+04
6.159300000000E-02 1.094800000000E+04 1.080682226057E+04
6.248000000000E-02 1.084100000000E+04 1.064511380477E+04
6.337900000000E-02 1.073300000000E+04 1.048455881781E+04
6.429000000000E-02 1.062400000000E+04 1.032519547554E+04
6.521500000000E-02 1.051300000000E+04 1.016670986783E+04
6.615400000000E-02 1.039900000000E+04 1.000922516691E+04
6.710600000000E-02 1.028200000000E+04 9.852897520842E+03
6.807100000000E-02 1.016100000000E+04 9.697789908997E+03
6.905100000000E-02 1.003600000000E+04 9.543637516687E+03
7.004400000000E-02 9.907400000000E+03 9.390804762069E+03
7.105200000000E-02 9.773500000000E+03 9.239032837666E+03
7.207400000000E-02 9.634500000000E+03 9.088523068666E+03
7.311100000000E-02 9.490400000000E+03 8.939176248913E+03
7.416300000000E-02 9.340800000000E+03 8.791040414908E+03
7.523000000000E-02 9.185900000000E+03 8.644177599778E+03
7.631300000000E-02 9.025700000000E+03 8.498479408933E+03
7.741100000000E-02 8.860200000000E+03 8.354144824543E+03
7.852400000000E-02 8.689900000000E+03 8.211207563816E+03
7.965400000000E-02 8.515000000000E+03 8.069486434616E+03
8.080000000000E-02 8.336100000000E+03 7.929070291876E+03
8.196300000000E-02 8.153700000000E+03 7.789968208238E+03
8.314200000000E-02 7.968400000000E+03 7.652316641548E+03
8.433900000000E-02 7.781100000000E+03 7.515922819481E+03
8.555200000000E-02 7.592400000000E+03 7.381057572282E+03
8.678300000000E-02 7.403500000000E+03 7.247536374379E+03
8.803200000000E-02 7.215100000000E+03 7.115402864025E+03
8.929800000000E-02 7.028200000000E+03 6.984801811259E+03
9.058300000000E-02 6.843600000000E+03 6.855561078397E+03
9.188600000000E-02 6.662500000000E+03 6.727823115536E+03
9.320900000000E-02 6.485600000000E+03 6.601428339993E+03
9.455000000000E-02 6.313900000000E+03 6.476606215889E+03
9.591000000000E-02 6.148200000000E+03 6.353292569576E+03
9.729000000000E-02 5.989200000000E+03 6.231429956275E+03
9.869000000000E-02 5.837600000000E+03 6.111054837094E+03
1.001100000000E-01 5.693900000000E+03 5.992196814795E+03
1.015500000000E-01 5.558400000000E+03 5.874893453088E+03
1.030100000000E-01 5.431400000000E+03 5.759140971082E+03
1.044900000000E-01 5.313200000000E+03 5.644994484218E+03
1.060000000000E-01 5.203600000000E+03 5.531720563695E+03
1.075200000000E-01 5.102500000000E+03 5.420837796774E+03
1.090700000000E-01 5.009400000000E+03 5.310900061750E+03
1.106400000000E-01 4.924000000000E+03 5.202656659207E+03
1.122300000000E-01 4.845600000000E+03 5.096121257992E+03
1.138500000000E-01 4.773300000000E+03 4.990653863859E+03
1.154800000000E-01 4.706400000000E+03 4.887561710608E+03
1.171400000000E-01 4.643700000000E+03 4.785579138179E+03
1.188300000000E-01 4.584200000000E+03 4.684760059506E+03
1.205400000000E-01 4.526600000000E+03 4.585736375584E+03
1.222700000000E-01 4.469700000000E+03 4.488464403849E+03
1.240300000000E-01 4.412100000000E+03 4.392435261075E+03
1.258200000000E-01 4.352700000000E+03 4.297674867091E+03
1.276300000000E-01 4.290600000000E+03 4.204724798224E+03
1.294700000000E-01 4.224700000000E+03 4.113079221182E+03
1.313300000000E-01 4.154400000000E+03 4.023242403578E+03
1.332200000000E-01 4.079000000000E+03 3.934735081309E+03
1.351300000000E-01 3.998100000000E+03 3.848026372427E+03
1.370800000000E-01 3.911700000000E+03 3.762231830665E+03
1.390500000000E-01 3.819900000000E+03 3.678251279720E+03
1.410500000000E-01 3.723400000000E+03 3.595638098116E+03
1.430800000000E-01 3.622800000000E+03 3.514420409319E+03
1.451400000000E-01 3.519100000000E+03 3.434603591960E+03
1.472300000000E-01 3.413800000000E+03 3.356195462511E+03
1.493500000000E-01 3.307900000000E+03 3.279196745677E+03
1.515000000000E-01 3.202800000000E+03 3.203614774459E+03
1.536700000000E-01 3.099900000000E+03 3.129783245124E+03
1.558900000000E-01 3.000500000000E+03 3.056698242142E+03
1.581300000000E-01 2.905800000000E+03 2.985359466049E+03
1.604000000000E-01 2.816800000000E+03 2.915421161205E+03
1.627100000000E-01 2.734200000000E+03 2.846597510441E+03
1.650500000000E-01 2.658700000000E+03 2.779182139576E+03
1.674300000000E-01 2.590300000000E+03 2.712893788414E+03
1.698400000000E-01 2.528900000000E+03 2.648011107657E+03
1.722800000000E-01 2.474100000000E+03 2.584523537694E+03
1.747600000000E-01 2.425200000000E+03 2.522167282393E+03
1.772700000000E-01 2.381400000000E+03 2.461192756033E+03
1.798200000000E-01 2.341500000000E+03 2.401345388008E+03
1.824100000000E-01 2.304200000000E+03 2.342637669215E+03
1.850400000000E-01 2.268000000000E+03 2.285071611555E+03
1.877000000000E-01 2.231800000000E+03 2.228852975362E+03
1.904000000000E-01 2.194100000000E+03 2.173762122728E+03
1.931400000000E-01 2.154100000000E+03 2.119800769407E+03
1.959200000000E-01 2.110800000000E+03 2.066951436906E+03
1.987400000000E-01 2.063900000000E+03 2.015225699199E+03
2.016000000000E-01 2.013200000000E+03 1.964609521443E+03
2.045000000000E-01 1.959100000000E+03 1.915096805655E+03
2.074400000000E-01 1.902200000000E+03 1.866678363369E+03
2.104200000000E-01 1.843400000000E+03 1.819344176035E+03
2.134500000000E-01 1.784000000000E+03 1.772933563741E+03
2.165200000000E-01 1.725200000000E+03 1.727595162714E+03
2.196400000000E-01 1.668100000000E+03 1.683176285667E+03
2.228000000000E-01 1.613800000000E+03 1.639812748500E+03
2.260000000000E-01 1.563300000000E+03 1.597489299491E+03
2.292600000000E-01 1.517200000000E+03 1.555940137773E+03
2.325500000000E-01 1.475500000000E+03 1.515538009294E+03
2.359000000000E-01 1.438200000000E+03 1.475903493601E+03
2.392900000000E-01 1.404900000000E+03 1.437269387387E+03
2.427400000000E-01 1.374700000000E+03 1.399399466196E+03
2.462300000000E-01 1.346800000000E+03 1.362508268689E+03
2.497700000000E-01 1.320100000000E+03 1.326475003416E+03
2.533700000000E-01 1.293500000000E+03 1.291195133402E+03
2.570100000000E-01 1.266100000000E+03 1.256854831784E+03
2.607100000000E-01 1.237300000000E+03 1.223254863944E+03
2.644600000000E-01 1.206700000000E+03 1.190479897626E+03
2.682700000000E-01 1.174100000000E+03 1.158436081151E+03
2.721300000000E-01 1.140100000000E+03 1.127198111871E+03
2.760400000000E-01 1.105100000000E+03 1.096754287600E+03
2.800100000000E-01 1.070000000000E+03 1.067017128535E+03
2.840400000000E-01 1.035500000000E+03 1.037980997766E+03
2.881300000000E-01 1.002600000000E+03 1.009639735763E+03
2.922800000000E-01 9.717200000000E+02 9.819861568457E+02
2.964800000000E-01 9.433100000000E+02 9.550748594220E+02
3.007500000000E-01 9.173800000000E+02 9.287695078364E+02
3.050700000000E-01 8.937200000000E+02 9.031852577977E+02
3.094600000000E-01 8.718500000000E+02 8.781919952045E+02
3.139200000000E-01 8.511400000000E+02 8.537888749291E+02
3.184300000000E-01 8.309300000000E+02 8.300725843503E+02
3.230100000000E-01 8.106300000000E+02 8.069285513136E+02
3.276600000000E-01 7.898100000000E+02 7.843509903104E+02
3.323800000000E-01 7.682800000000E+02 7.623343533307E+02
3.371600000000E-01 7.461300000000E+02 7.409154458486E+02
3.420100000000E-01 7.236500000000E+02 7.200400085507E+02
3.469300000000E-01 7.012600000000E+02 6.997006753111E+02
3.519200000000E-01 6.794500000000E+02 6.798896283461E+02
3.569900000000E-01 6.586500000000E+02 6.605612428954E+02
3.621200000000E-01 6.390900000000E+02 6.417831236749E+02
3.673300000000E-01 6.208500000000E+02 6.234731933279E+02
3.726200000000E-01 6.038200000000E+02 6.056261458552E+02
3.779800000000E-01 5.877000000000E+02 5.882686626697E+02
3.834200000000E-01 5.721500000000E+02 5.713606077266E+02
3.889300000000E-01 5.568200000000E+02 5.549243478413E+02
3.945300000000E-01 5.414500000000E+02 5.388939331793E+02
4.002100000000E-01 5.259700000000E+02 5.232925313939E+02
4.059700000000E-01 5.104200000000E+02 5.081139439060E+02
4.118100000000E-01 4.949600000000E+02 4.933495171850E+02
4.177300000000E-01 4.798600000000E+02 4.789919634441E+02
4.237400000000E-01 4.653000000000E+02 4.650106733247E+02
4.298400000000E-01 4.514300000000E+02 4.514004164460E+02
4.360200000000E-01 4.382900000000E+02 4.381765024574E+02
4.423000000000E-01 4.257600000000E+02 4.252904261076E+02
4.486600000000E-01 4.137000000000E+02 4.127771042921E+02
4.551200000000E-01 4.019400000000E+02 4.005912997967E+02
4.616600000000E-01 3.903300000000E+02 3.887631168277E+02
4.683100000000E-01 3.788300000000E+02 3.772339468284E+02
4.750500000000E-01 3.674600000000E+02 3.660333372696E+02
4.818800000000E-01 3.563200000000E+02 3.551546793509E+02
4.888100000000E-01 3.455000000000E+02 3.445755341966E+02
4.958500000000E-01 3.350800000000E+02 3.342767595920E+02
5.029800000000E-01 3.250800000000E+02 3.242817256202E+02
5.102200000000E-01 3.154600000000E+02 3.145571126584E+02
5.175600000000E-01 3.061600000000E+02 3.051113750260E+02
5.250100000000E-01 2.970800000000E+02 2.959265968678E+02
5.325600000000E-01 2.882000000000E+02 2.870100544325E+02
5.402200000000E-01 2.794900000000E+02 2.783445157492E+02
5.480000000000E-01 2.709700000000E+02 2.699146405209E+02
5.558800000000E-01 2.627000000000E+02 2.617374794012E+02
5.638800000000E-01 2.546900000000E+02 2.537870240615E+02
5.719900000000E-01 2.469600000000E+02 2.460691735524E+02
5.802200000000E-01 2.394800000000E+02 2.385697103315E+02
5.885700000000E-01 2.322300000000E+02 2.312847436580E+02
5.970400000000E-01 2.251700000000E+02 2.242098401986E+02
6.056300000000E-01 2.182800000000E+02 2.173404393426E+02
6.143400000000E-01 2.115700000000E+02 2.106740088558E+02
6.231800000000E-01 2.050500000000E+02 2.041970528563E+02
6.321500000000E-01 1.987200000000E+02 1.979067932344E+02
6.412400000000E-01 1.926000000000E+02 1.918060423421E+02
6.504700000000E-01 1.866700000000E+02 1.858779326692E+02
6.598300000000E-01 1.809100000000E+02 1.801249668024E+02
6.693200000000E-01 1.753200000000E+02 1.745438422136E+02
6.789500000000E-01 1.698700000000E+02 1.691249572040E+02
6.887200000000E-01 1.645900000000E+02 1.638651570079E+02
6.986300000000E-01 1.594600000000E+02 1.587611293684E+02
7.086800000000E-01 1.544900000000E+02 1.538095477036E+02
7.188800000000E-01 1.496700000000E+02 1.490024380408E+02
7.292200000000E-01 1.449900000000E+02 1.443413182681E+02
7.397200000000E-01 1.404500000000E+02 1.398142845680E+02
7.503600000000E-01 1.360400000000E+02 1.354271704918E+02
7.611600000000E-01 1.317600000000E+02 1.311685502362E+02
7.721100000000E-01 1.276100000000E+02 1.270396724981E+02
7.832200000000E-01 1.235900000000E+02 1.230339398101E+02
7.944900000000E-01 1.196900000000E+02 1.191487401424E+02
8.059200000000E-01 1.159100000000E+02 1.153814182774E+02
8.175100000000E-01 1.122400000000E+02 1.117292687727E+02
8.292800000000E-01 1.086800000000E+02 1.081837576257E+02
8.412100000000E-01 1.052200000000E+02 1.047484499457E+02
8.533100000000E-01 1.018800000000E+02 1.014179677507E+02
8.655900000000E-01 9.863000000000E+01 9.818730661691E+01
8.780400000000E-01 9.548300000000E+01 9.505683675116E+01
8.906800000000E-01 9.243200000000E+01 9.201942371454E+01
9.034900000000E-01 8.947400000000E+01 8.907768315804E+01
9.164900000000E-01 8.660600000000E+01 8.622486919182E+01
9.296800000000E-01 8.382700000000E+01 8.345907009390E+01
9.430500000000E-01 8.113400000000E+01 8.078032726653E+01
9.566200000000E-01 7.852400000000E+01 7.818268536714E+01
9.703900000000E-01 7.599400000000E+01 7.566431595118E+01
9.843500000000E-01 7.354200000000E+01 7.322529160908E+01
9.985100000000E-01 7.116600000000E+01 7.086183411649E+01
1.012900000000E+00 6.886400000000E+01 6.856781254281E+01
1.027500000000E+00 6.663300000000E+01 6.634470568351E+01
1.042200000000E+00 6.447200000000E+01 6.420661472387E+01
1.057200000000E+00 6.237800000000E+01 6.212263683763E+01
1.072400000000E+00 6.034900000000E+01 6.010581896695E+01
1.087900000000E+00 5.838400000000E+01 5.814369315961E+01
1.103500000000E+00 5.648000000000E+01 5.625435232068E+01
1.119400000000E+00 5.463600000000E+01 5.441754405097E+01
1.135500000000E+00 5.285000000000E+01 5.264149157992E+01
1.151800000000E+00 5.112000000000E+01 5.092455655290E+01
1.168400000000E+00 4.944500000000E+01 4.925513592128E+01
1.185200000000E+00 4.782300000000E+01 4.764218436653E+01
1.202300000000E+00 4.625200000000E+01 4.607496221685E+01
1.219600000000E+00 4.473100000000E+01 4.456149052031E+01
1.237100000000E+00 4.325800000000E+01 4.310000734627E+01
1.254900000000E+00 4.183300000000E+01 4.168624107888E+01
1.273000000000E+00 4.045200000000E+01 4.030386909924E+01
1.291300000000E+00 3.911500000000E+01 3.897501436923E+01
1.309900000000E+00 3.782100000000E+01 3.768603010875E+01
1.328700000000E+00 3.656900000000E+01 3.644264713109E+01
1.347900000000E+00 3.535600000000E+01 3.523090481671E+01
1.367200000000E+00 3.418200000000E+01 3.406857633464E+01
1.386900000000E+00 3.304600000000E+01 3.293642158212E+01
1.406900000000E+00 3.194700000000E+01 3.183979676087E+01
1.427100000000E+00 3.088300000000E+01 3.078304601202E+01
1.447600000000E+00 2.985300000000E+01 2.975977958512E+01
1.468500000000E+00 2.885700000000E+01 2.876454507375E+01
1.489600000000E+00 2.789200000000E+01 2.780608343295E+01
1.511000000000E+00 2.695900000000E+01 2.687872495607E+01
1.532800000000E+00 2.605700000000E+01 2.597751010128E+01
1.554800000000E+00 2.518300000000E+01 2.511011402219E+01
1.577200000000E+00 2.433800000000E+01 2.426768068043E+01
1.599900000000E+00 2.352000000000E+01 2.345345235044E+01
1.622900000000E+00 2.272900000000E+01 2.266662947086E+01
1.646300000000E+00 2.196400000000E+01 2.190320979988E+01
1.670000000000E+00 2.122400000000E+01 2.116587234808E+01
1.694000000000E+00 2.050800000000E+01 2.045385337913E+01
1.718400000000E+00 1.981600000000E+01 1.976357375159E+01
1.743100000000E+00 1.914600000000E+01 1.909727040102E+01
1.768200000000E+00 1.849800000000E+01 1.845166391528E+01
1.793600000000E+00 1.787200000000E+01 1.782874133408E+01
1.819400000000E+00 1.726600000000E+01 1.722545385700E+01
1.845600000000E+00 1.668000000000E+01 1.664139017298E+01
1.872100000000E+00 1.611400000000E+01 1.607818456482E+01
1.899100000000E+00 1.556600000000E+01 1.553116108994E+01
1.926400000000E+00 1.503600000000E+01 1.500392338094E+01
1.954100000000E+00 1.452400000000E+01 1.449397026086E+01
1.982200000000E+00 1.402900000000E+01 1.400085335379E+01
2.010800000000E+00 1.355000000000E+01 1.352250499623E+01
2.039700000000E+00 1.308700000000E+01 1.306182322222E+01
2.069000000000E+00 1.264000000000E+01 1.261665492946E+01
2.098800000000E+00 1.220800000000E+01 1.218514762393E+01
2.129000000000E+00 1.178900000000E+01 1.176841211274E+01
2.159600000000E+00 1.138500000000E+01 1.136602742435E+01
2.190700000000E+00 1.099500000000E+01 1.097628258984E+01
2.222200000000E+00 1.061700000000E+01 1.060013476338E+01
2.254200000000E+00 1.025200000000E+01 1.023604447954E+01
2.286600000000E+00 9.899700000000E+00 9.884789756363E+00
2.319500000000E+00 9.558900000000E+00 9.544925600844E+00
2.352900000000E+00 9.229500000000E+00 9.216242768749E+00
2.386800000000E+00 8.911200000000E+00 8.898412234061E+00
2.421100000000E+00 8.603600000000E+00 8.592049190342E+00
2.455900000000E+00 8.306400000000E+00 8.295929938795E+00
2.491300000000E+00 8.019200000000E+00 8.008976259072E+00
2.527100000000E+00 7.741800000000E+00 7.732544905187E+00
2.563500000000E+00 7.473700000000E+00 7.464797308147E+00
2.600400000000E+00 7.214600000000E+00 7.206317785241E+00
2.637800000000E+00 6.964400000000E+00 6.956764727370E+00
2.675700000000E+00 6.722600000000E+00 6.715888672354E+00
2.714200000000E+00 6.489100000000E+00 6.482838338267E+00
2.753300000000E+00 6.263500000000E+00 6.257434009786E+00
2.792900000000E+00 6.045500000000E+00 6.040030971879E+00
2.833100000000E+00 5.835000000000E+00 5.829858097715E+00
2.873900000000E+00 5.631600000000E+00 5.626734951701E+00
2.915200000000E+00 5.435200000000E+00 5.430938682102E+00
2.957200000000E+00 5.245500000000E+00 5.241340237615E+00
2.999700000000E+00 5.062300000000E+00 5.058657833265E+00
3.042900000000E+00 4.885300000000E+00 4.881834232664E+00
3.086600000000E+00 4.714400000000E+00 4.711556810414E+00
3.131100000000E+00 4.549300000000E+00 4.546453933753E+00
3.176100000000E+00 4.390000000000E+00 4.387503430325E+00
3.221800000000E+00 4.236000000000E+00 4.233819864140E+00
3.268200000000E+00 4.087400000000E+00 4.085275254237E+00
3.315200000000E+00 3.943900000000E+00 3.942038455066E+00
3.362900000000E+00 3.805300000000E+00 3.803656748616E+00
3.411300000000E+00 3.671500000000E+00 3.669995023361E+00
3.460300000000E+00 3.542300000000E+00 3.541192304228E+00
3.510100000000E+00 3.417600000000E+00 3.416572118831E+00
3.560600000000E+00 3.297100000000E+00 3.296296035979E+00
3.611900000000E+00 3.180900000000E+00 3.180008177552E+00
3.663800000000E+00 3.068600000000E+00 3.068036771891E+00
3.716600000000E+00 2.960300000000E+00 2.959622585438E+00
3.770000000000E+00 2.855700000000E+00 2.855272611317E+00
3.824300000000E+00 2.754700000000E+00 2.754290860518E+00
3.879300000000E+00 2.657200000000E+00 2.656954839928E+00
3.935100000000E+00 2.563200000000E+00 2.562979266952E+00
3.991700000000E+00 2.472300000000E+00 2.472269791385E+00
4.049200000000E+00 2.384700000000E+00 2.384583565153E+00
4.107400000000E+00 2.300100000000E+00 2.300131931060E+00
4.166500000000E+00 2.218400000000E+00 2.218531058733E+00
4.226500000000E+00 2.139600000000E+00 2.139709221057E+00
4.287300000000E+00 2.063600000000E+00 2.063716166053E+00
4.349000000000E+00 1.990200000000E+00 1.990343209016E+00
4.411600000000E+00 1.919300000000E+00 1.919520048862E+00
4.475000000000E+00 1.851000000000E+00 1.851278643088E+00
4.539400000000E+00 1.785000000000E+00 1.785332244332E+00
4.604700000000E+00 1.721400000000E+00 1.721720642326E+00
4.671000000000E+00 1.659900000000E+00 1.660280008643E+00
4.738200000000E+00 1.600700000000E+00 1.601041846454E+00
4.806400000000E+00 1.543500000000E+00 1.543854651521E+00
4.875500000000E+00 1.488300000000E+00 1.488739646174E+00
4.945700000000E+00 1.435100000000E+00 1.435479333340E+00
5.016800000000E+00 1.383700000000E+00 1.384169080297E+00
5.089000000000E+00 1.334200000000E+00 1.334613517583E+00
5.162200000000E+00 1.286400000000E+00 1.286826273396E+00
5.236500000000E+00 1.240200000000E+00 1.240694610185E+00
5.311900000000E+00 1.195800000000E+00 1.196167424454E+00
5.388300000000E+00 1.152800000000E+00 1.153267918741E+00
5.465800000000E+00 1.111400000000E+00 1.111877788351E+00
5.544500000000E+00 1.071500000000E+00 1.071907048237E+00
5.624200000000E+00 1.033000000000E+00 1.033413811540E+00
5.705200000000E+00 9.957900000000E-01 9.962117126973E-01
5.787200000000E+00 9.599400000000E-01 9.603991857430E-01
5.870500000000E+00 9.253700000000E-01 9.258051685641E-01
5.955000000000E+00 8.920200000000E-01 8.924370385264E-01
6.040700000000E+00 8.598500000000E-01 8.602603552420E-01
6.127600000000E+00 8.288300000000E-01 8.292372008398E-01
6.215700000000E+00 7.989100000000E-01 7.993326749015E-01
6.305200000000E+00 7.700500000000E-01 7.704485082686E-01
6.395900000000E+00 7.422200000000E-01 7.426192329417E-01
6.487900000000E+00 7.153900000000E-01 7.157817273488E-01
6.581300000000E+00 6.895100000000E-01 6.898788531266E-01
6.676000000000E+00 6.645500000000E-01 6.649116013804E-01
6.772000000000E+00 6.404800000000E-01 6.408485127651E-01
6.869400000000E+00 6.172700000000E-01 6.176441384989E-01
6.968300000000E+00 5.949000000000E-01 5.952408946582E-01
7.068600000000E+00 5.733200000000E-01 5.736456638672E-01
7.170200000000E+00 5.525100000000E-01 5.528516423924E-01
7.273400000000E+00 5.324500000000E-01 5.327742242251E-01
7.378100000000E+00 5.131100000000E-01 5.134130629221E-01
7.484200000000E+00 4.944600000000E-01 4.947642508909E-01
7.591900000000E+00 4.764700000000E-01 4.767714863496E-01
7.701200000000E+00 4.591400000000E-01 4.594163588031E-01
7.812000000000E+00 4.424200000000E-01 4.426953932667E-01
7.924400000000E+00 4.263100000000E-01 4.265737523842E-01
8.038400000000E+00 4.107800000000E-01 4.110335758485E-01
8.154000000000E+00 3.958000000000E-01 3.960555567444E-01
8.271400000000E+00 3.813700000000E-01 3.816029025651E-01
8.390400000000E+00 3.674500000000E-01 3.676795247109E-01
8.511100000000E+00 3.540300000000E-01 3.542587982030E-01
8.633500000000E+00 3.411000000000E-01 3.413253359435E-01
8.757800000000E+00 3.286400000000E-01 3.288443951705E-01
8.883800000000E+00 3.166200000000E-01 3.168221801953E-01
9.011600000000E+00 3.050400000000E-01 3.052349858024E-01
9.141300000000E+00 2.938800000000E-01 2.940612549138E-01
9.272800000000E+00 2.831200000000E-01 2.832966318573E-01
9.406200000000E+00 2.727400000000E-01 2.729205327613E-01
9.541500000000E+00 2.627500000000E-01 2.629211271641E-01
9.678800000000E+00 2.531200000000E-01 2.532798660343E-01
9.818100000000E+00 2.438300000000E-01 2.439862833947E-01
9.959400000000E+00 2.348800000000E-01 2.350298308858E-01
1.010300000000E+01 2.262600000000E-01 2.263825292693E-01
