   9.920100E-04   3.815200E+03   3.813052E+03   3.815200E+03   3.815123E+03
   1.006300E-03   3.866000E+03   3.863988E+03   3.866000E+03   3.865920E+03
   1.020800E-03   3.917500E+03   3.915582E+03   3.917500E+03   3.917417E+03
   1.035500E-03   3.969700E+03   3.967793E+03   3.969700E+03   3.969613E+03
   1.050400E-03   4.022500E+03   4.020618E+03   4.022500E+03   4.022409E+03
   1.065500E-03   4.075900E+03   4.074053E+03   4.075900E+03   4.075806E+03
   1.080800E-03   4.130100E+03   4.128095E+03   4.130100E+03   4.130002E+03
   1.096300E-03   4.184800E+03   4.182739E+03   4.184800E+03   4.184697E+03
   1.112100E-03   4.240300E+03   4.238336E+03   4.240300E+03   4.240193E+03
   1.128100E-03   4.296500E+03   4.294522E+03   4.296500E+03   4.296389E+03
   1.144400E-03   4.353300E+03   4.351650E+03   4.353300E+03   4.353184E+03
   1.160800E-03   4.410900E+03   4.409013E+03   4.410900E+03   4.410779E+03
   1.177500E-03   4.469100E+03   4.467306E+03   4.469100E+03   4.468974E+03
   1.194500E-03   4.528100E+03   4.526524E+03   4.528100E+03   4.527968E+03
   1.211600E-03   4.587800E+03   4.585965E+03   4.587800E+03   4.587663E+03
   1.229100E-03   4.648200E+03   4.646666E+03   4.648200E+03   4.648057E+03
   1.246800E-03   4.709300E+03   4.707929E+03   4.709300E+03   4.709151E+03
   1.264700E-03   4.771200E+03   4.769748E+03   4.771200E+03   4.771045E+03
   1.282900E-03   4.833900E+03   4.832462E+03   4.833900E+03   4.833738E+03
   1.301400E-03   4.897200E+03   4.896066E+03   4.897200E+03   4.897031E+03
   1.320100E-03   4.961400E+03   4.960211E+03   4.961400E+03   4.961224E+03
   1.339100E-03   5.026300E+03   5.025232E+03   5.026300E+03   5.026117E+03
   1.358300E-03   5.092000E+03   5.090783E+03   5.092000E+03   5.091809E+03
   1.377900E-03   5.158500E+03   5.157539E+03   5.158500E+03   5.158301E+03
   1.397700E-03   5.225800E+03   5.224812E+03   5.225800E+03   5.225593E+03
   1.417800E-03   5.293800E+03   5.292935E+03   5.293800E+03   5.293584E+03
   1.438200E-03   5.362700E+03   5.361901E+03   5.362700E+03   5.362475E+03
   1.458900E-03   5.432400E+03   5.431703E+03   5.432400E+03   5.432165E+03
   1.479900E-03   5.502800E+03   5.502333E+03   5.502800E+03   5.502555E+03
   1.501200E-03   5.574200E+03   5.573783E+03   5.574200E+03   5.573945E+03
   1.522800E-03   5.646300E+03   5.646046E+03   5.646300E+03   5.646034E+03
   1.544700E-03   5.719300E+03   5.719115E+03   5.719300E+03   5.719023E+03
   1.566900E-03   5.793100E+03   5.792980E+03   5.793100E+03   5.792811E+03
   1.589500E-03   5.867800E+03   5.867966E+03   5.867800E+03   5.867499E+03
   1.612400E-03   5.943300E+03   5.943731E+03   5.943300E+03   5.942987E+03
   1.635600E-03   6.019700E+03   6.020266E+03   6.019700E+03   6.019374E+03
   1.659100E-03   6.096900E+03   6.097564E+03   6.096900E+03   6.096560E+03
   1.683000E-03   6.175000E+03   6.175944E+03   6.175000E+03   6.174646E+03
   1.707200E-03   6.254100E+03   6.255068E+03   6.254100E+03   6.253731E+03
   1.731700E-03   6.334000E+03   6.334927E+03   6.334000E+03   6.333615E+03
   1.756700E-03   6.414700E+03   6.416161E+03   6.414700E+03   6.414299E+03
   1.781900E-03   6.496400E+03   6.497784E+03   6.496400E+03   6.495982E+03
   1.807600E-03   6.579000E+03   6.580761E+03   6.579000E+03   6.578565E+03
   1.833600E-03   6.662500E+03   6.664430E+03   6.662500E+03   6.662047E+03
   1.860000E-03   6.746900E+03   6.749104E+03   6.746900E+03   6.746428E+03
   1.886700E-03   6.832300E+03   6.834450E+03   6.832300E+03   6.831808E+03
   1.913900E-03   6.918600E+03   6.921097E+03   6.918600E+03   6.918088E+03
   1.941400E-03   7.005800E+03   7.008394E+03   7.005800E+03   7.005266E+03
   1.969300E-03   7.093900E+03   7.096647E+03   7.093900E+03   7.093344E+03
   1.997700E-03   7.183000E+03   7.186159E+03   7.183000E+03   7.182421E+03
   2.026400E-03   7.273000E+03   7.276284E+03   7.273000E+03   7.272397E+03
   2.055600E-03   7.364000E+03   7.367608E+03   7.364000E+03   7.363372E+03
   2.085100E-03   7.455900E+03   7.459583E+03   7.455900E+03   7.455246E+03
   2.115100E-03   7.548800E+03   7.552727E+03   7.548801E+03   7.548119E+03
   2.145600E-03   7.642700E+03   7.647054E+03   7.642701E+03   7.641991E+03
   2.176500E-03   7.737600E+03   7.742238E+03   7.737601E+03   7.736861E+03
   2.207800E-03   7.833400E+03   7.838266E+03   7.833401E+03   7.832631E+03
   2.239500E-03   7.930200E+03   7.935124E+03   7.930201E+03   7.929399E+03
   2.271800E-03   8.027900E+03   8.033404E+03   8.027901E+03   8.027066E+03
   2.304400E-03   8.126700E+03   8.132177E+03   8.126701E+03   8.125831E+03
   2.337600E-03   8.226400E+03   8.232336E+03   8.226401E+03   8.225495E+03
   2.371200E-03   8.327200E+03   8.333258E+03   8.327201E+03   8.326258E+03
   2.405400E-03   8.428900E+03   8.435527E+03   8.428901E+03   8.427919E+03
   2.440000E-03   8.531700E+03   8.538524E+03   8.531701E+03   8.530679E+03
   2.475100E-03   8.635400E+03   8.642530E+03   8.635401E+03   8.634337E+03
   2.510700E-03   8.740100E+03   8.747526E+03   8.740101E+03   8.738993E+03
   2.546800E-03   8.845800E+03   8.853493E+03   8.845801E+03   8.844648E+03
   2.583400E-03   8.952600E+03   8.960410E+03   8.952602E+03   8.951401E+03
   2.620600E-03   9.060300E+03   9.068548E+03   9.060302E+03   9.059052E+03
   2.658300E-03   9.169100E+03   9.177595E+03   9.169102E+03   9.167801E+03
   2.696600E-03   9.278800E+03   9.287816E+03   9.278802E+03   9.277448E+03
   2.735400E-03   9.389600E+03   9.398902E+03   9.389602E+03   9.388192E+03
   2.774700E-03   9.501400E+03   9.510824E+03   9.501402E+03   9.499935E+03
   2.814700E-03   9.614200E+03   9.624150E+03   9.614202E+03   9.612675E+03
   2.855200E-03   9.728000E+03   9.738265E+03   9.728003E+03   9.726413E+03
   2.896200E-03   9.842800E+03   9.853154E+03   9.842803E+03   9.841149E+03
   2.937900E-03   9.958600E+03   9.969356E+03   9.958603E+03   9.956882E+03
   2.980200E-03   1.007500E+04   1.008656E+04   1.007500E+04   1.007321E+04
   3.023100E-03   1.019300E+04   1.020475E+04   1.019300E+04   1.019114E+04
   3.066600E-03   1.031200E+04   1.032388E+04   1.031200E+04   1.031006E+04
   3.110700E-03   1.043200E+04   1.044393E+04   1.043200E+04   1.042999E+04
   3.155400E-03   1.055300E+04   1.056488E+04   1.055300E+04   1.055090E+04
   3.200800E-03   1.067400E+04   1.068698E+04   1.067400E+04   1.067182E+04
   3.246900E-03   1.079700E+04   1.081018E+04   1.079700E+04   1.079473E+04
   3.293600E-03   1.092100E+04   1.093419E+04   1.092100E+04   1.091864E+04
   3.341000E-03   1.104600E+04   1.105924E+04   1.104600E+04   1.104355E+04
   3.389100E-03   1.117100E+04   1.118531E+04   1.117100E+04   1.116845E+04
   3.437800E-03   1.129800E+04   1.131210E+04   1.129800E+04   1.129535E+04
   3.487300E-03   1.142600E+04   1.144010E+04   1.142601E+04   1.142324E+04
   3.537500E-03   1.155400E+04   1.156901E+04   1.155401E+04   1.155113E+04
   3.588400E-03   1.168400E+04   1.169880E+04   1.168401E+04   1.168101E+04
   3.640000E-03   1.181400E+04   1.182944E+04   1.181401E+04   1.181090E+04
   3.692400E-03   1.194500E+04   1.196114E+04   1.194501E+04   1.194177E+04
   3.745500E-03   1.207800E+04   1.209362E+04   1.207801E+04   1.207464E+04
   3.799400E-03   1.221100E+04   1.222709E+04   1.221101E+04   1.220751E+04
   3.854100E-03   1.234500E+04   1.236151E+04   1.234501E+04   1.234137E+04
   3.909500E-03   1.248000E+04   1.249660E+04   1.248001E+04   1.247623E+04
   3.965800E-03   1.261600E+04   1.263280E+04   1.261601E+04   1.261208E+04
   4.022800E-03   1.275300E+04   1.276959E+04   1.275301E+04   1.274893E+04
   4.080700E-03   1.289000E+04   1.290741E+04   1.289001E+04   1.288577E+04
   4.139400E-03   1.302900E+04   1.304598E+04   1.302901E+04   1.302460E+04
   4.199000E-03   1.316800E+04   1.318550E+04   1.316801E+04   1.316343E+04
   4.259400E-03   1.330800E+04   1.332567E+04   1.330801E+04   1.330325E+04
   4.320700E-03   1.344900E+04   1.346671E+04   1.344901E+04   1.344406E+04
   4.382800E-03   1.359100E+04   1.360832E+04   1.359101E+04   1.358587E+04
   4.445900E-03   1.373300E+04   1.375092E+04   1.373301E+04   1.372767E+04
   4.509900E-03   1.387600E+04   1.389423E+04   1.387601E+04   1.387046E+04
   4.574800E-03   1.402000E+04   1.403821E+04   1.402001E+04   1.401425E+04
   4.640600E-03   1.416500E+04   1.418281E+04   1.416501E+04   1.415902E+04
   4.707300E-03   1.431000E+04   1.432798E+04   1.431001E+04   1.430379E+04
   4.775100E-03   1.445600E+04   1.447411E+04   1.445601E+04   1.444955E+04
   4.843800E-03   1.460200E+04   1.462070E+04   1.460201E+04   1.459530E+04
   4.913500E-03   1.475000E+04   1.476793E+04   1.475001E+04   1.474304E+04
   4.984200E-03   1.489800E+04   1.491574E+04   1.489801E+04   1.489078E+04
   5.055900E-03   1.504600E+04   1.506408E+04   1.504601E+04   1.503850E+04
   5.128600E-03   1.519500E+04   1.521293E+04   1.519501E+04   1.518721E+04
   5.202400E-03   1.534400E+04   1.536233E+04   1.534401E+04   1.533592E+04
   5.277300E-03   1.549400E+04   1.551232E+04   1.549402E+04   1.548561E+04
   5.353200E-03   1.564500E+04   1.566262E+04   1.564502E+04   1.563629E+04
   5.430200E-03   1.579600E+04   1.581337E+04   1.579602E+04   1.578696E+04
   5.508400E-03   1.594700E+04   1.596470E+04   1.594702E+04   1.593762E+04
   5.587600E-03   1.609900E+04   1.611616E+04   1.609902E+04   1.608926E+04
   5.668000E-03   1.625100E+04   1.626808E+04   1.625102E+04   1.624090E+04
   5.749600E-03   1.640300E+04   1.642039E+04   1.640302E+04   1.639252E+04
   5.832300E-03   1.655600E+04   1.657285E+04   1.655602E+04   1.654513E+04
   5.916200E-03   1.670900E+04   1.672556E+04   1.670902E+04   1.669772E+04
   6.001300E-03   1.686200E+04   1.687848E+04   1.686202E+04   1.685030E+04
   6.087700E-03   1.701600E+04   1.703170E+04   1.701602E+04   1.700386E+04
   6.175300E-03   1.716900E+04   1.718499E+04   1.716902E+04   1.715641E+04
   6.264100E-03   1.732300E+04   1.733828E+04   1.732302E+04   1.730995E+04
   6.354300E-03   1.747700E+04   1.749183E+04   1.747702E+04   1.746346E+04
   6.445700E-03   1.763000E+04   1.764525E+04   1.763002E+04   1.761597E+04
   6.538400E-03   1.778400E+04   1.779863E+04   1.778402E+04   1.776945E+04
   6.632500E-03   1.793800E+04   1.795206E+04   1.793802E+04   1.792292E+04
   6.727900E-03   1.809100E+04   1.810531E+04   1.809102E+04   1.807537E+04
   6.824700E-03   1.824500E+04   1.825846E+04   1.824502E+04   1.822880E+04
   6.922900E-03   1.839800E+04   1.841143E+04   1.839802E+04   1.838121E+04
   7.022500E-03   1.855100E+04   1.856414E+04   1.855102E+04   1.853360E+04
   7.123600E-03   1.870400E+04   1.871665E+04   1.870402E+04   1.868598E+04
   7.226100E-03   1.885600E+04   1.886881E+04   1.885602E+04   1.883733E+04
   7.330000E-03   1.900800E+04   1.902045E+04   1.900802E+04   1.898866E+04
   7.435500E-03   1.916000E+04   1.917181E+04   1.916002E+04   1.913997E+04
   7.542500E-03   1.930900E+04   1.932267E+04   1.930902E+04   1.928826E+04
   7.651000E-03   1.946000E+04   1.947295E+04   1.946002E+04   1.943852E+04
   7.761100E-03   1.961000E+04   1.962268E+04   1.961002E+04   1.958776E+04
   7.872800E-03   1.975900E+04   1.977180E+04   1.975902E+04   1.973598E+04
   7.986000E-03   1.990800E+04   1.992008E+04   1.990802E+04   1.988417E+04
   8.101000E-03   2.005600E+04   2.006782E+04   2.005602E+04   2.003133E+04
   8.217500E-03   2.020300E+04   2.021451E+04   2.020302E+04   2.017747E+04
   8.335700E-03   2.034900E+04   2.036041E+04   2.034902E+04   2.032259E+04
   8.455700E-03   2.049400E+04   2.050547E+04   2.049402E+04   2.046667E+04
   8.577300E-03   2.063800E+04   2.064937E+04   2.063803E+04   2.060973E+04
   8.700800E-03   2.078200E+04   2.079237E+04   2.078202E+04   2.075276E+04
   8.825900E-03   2.092400E+04   2.093404E+04   2.092402E+04   2.089376E+04
   8.952900E-03   2.106400E+04   2.107460E+04   2.106403E+04   2.103273E+04
   9.081800E-03   2.120400E+04   2.121396E+04   2.120402E+04   2.117167E+04
   9.212400E-03   2.134200E+04   2.135182E+04   2.134202E+04   2.130857E+04
   9.345000E-03   2.147900E+04   2.148837E+04   2.147902E+04   2.144445E+04
   9.479400E-03   2.161400E+04   2.162332E+04   2.161403E+04   2.157829E+04
   9.615800E-03   2.174800E+04   2.175675E+04   2.174802E+04   2.171110E+04
   9.754200E-03   2.187900E+04   2.188856E+04   2.187903E+04   2.184088E+04
   9.894500E-03   2.201000E+04   2.201855E+04   2.201003E+04   2.197062E+04
   1.003700E-02   2.213800E+04   2.214689E+04   2.213803E+04   2.209732E+04
   1.018100E-02   2.226500E+04   2.227284E+04   2.226502E+04   2.222299E+04
   1.032800E-02   2.238900E+04   2.239759E+04   2.238903E+04   2.234562E+04
   1.047600E-02   2.251200E+04   2.251934E+04   2.251202E+04   2.246722E+04
   1.062700E-02   2.263200E+04   2.263962E+04   2.263203E+04   2.258578E+04
   1.078000E-02   2.275000E+04   2.275750E+04   2.275003E+04   2.270230E+04
   1.093500E-02   2.286600E+04   2.287286E+04   2.286602E+04   2.281678E+04
   1.109200E-02   2.297900E+04   2.298562E+04   2.297902E+04   2.292822E+04
   1.125200E-02   2.309000E+04   2.309634E+04   2.309002E+04   2.303762E+04
   1.141400E-02   2.319900E+04   2.320419E+04   2.319902E+04   2.314498E+04
   1.157800E-02   2.330400E+04   2.330905E+04   2.330402E+04   2.324830E+04
   1.174500E-02   2.340700E+04   2.341147E+04   2.340702E+04   2.334957E+04
   1.191400E-02   2.350700E+04   2.351066E+04   2.350702E+04   2.344781E+04
   1.208500E-02   2.360400E+04   2.360653E+04   2.360401E+04   2.354300E+04
   1.225900E-02   2.369800E+04   2.369950E+04   2.369801E+04   2.363515E+04
   1.243500E-02   2.378900E+04   2.378892E+04   2.378900E+04   2.372426E+04
   1.261400E-02   2.387400E+04   2.387515E+04   2.387401E+04   2.380733E+04
   1.279600E-02   2.395900E+04   2.395803E+04   2.395900E+04   2.389034E+04
   1.298000E-02   2.403900E+04   2.403697E+04   2.403899E+04   2.396832E+04
   1.316700E-02   2.411700E+04   2.411228E+04   2.411698E+04   2.404425E+04
   1.335600E-02   2.419000E+04   2.418342E+04   2.418996E+04   2.411515E+04
   1.354800E-02   2.426000E+04   2.425066E+04   2.425995E+04   2.418299E+04
   1.374300E-02   2.432600E+04   2.431384E+04   2.432593E+04   2.424679E+04
   1.394100E-02   2.438800E+04   2.437280E+04   2.438791E+04   2.430655E+04
   1.414200E-02   2.444600E+04   2.442739E+04   2.444589E+04   2.436225E+04
   1.434500E-02   2.450000E+04   2.447724E+04   2.449986E+04   2.441393E+04
   1.455200E-02   2.455000E+04   2.452270E+04   2.454983E+04   2.446155E+04
   1.476100E-02   2.459500E+04   2.456317E+04   2.459479E+04   2.450414E+04
   1.497300E-02   2.463600E+04   2.459879E+04   2.463575E+04   2.454268E+04
   1.518900E-02   2.467300E+04   2.462953E+04   2.467270E+04   2.457718E+04
   1.540700E-02   2.470500E+04   2.465502E+04   2.470465E+04   2.460664E+04
   1.562900E-02   2.473200E+04   2.467535E+04   2.473159E+04   2.463106E+04
   1.585400E-02   2.475400E+04   2.469031E+04   2.475352E+04   2.465044E+04
   1.608200E-02   2.477200E+04   2.469980E+04   2.477144E+04   2.466578E+04
   1.631300E-02   2.478400E+04   2.470374E+04   2.478336E+04   2.467510E+04
   1.654800E-02   2.479200E+04   2.470202E+04   2.479126E+04   2.468037E+04
   1.678600E-02   2.479400E+04   2.469457E+04   2.479316E+04   2.467961E+04
   1.702800E-02   2.479100E+04   2.468125E+04   2.479005E+04   2.467381E+04
   1.727300E-02   2.478300E+04   2.466205E+04   2.478192E+04   2.466299E+04
   1.752100E-02   2.477100E+04   2.463694E+04   2.476977E+04   2.464813E+04
   1.777300E-02   2.475200E+04   2.460577E+04   2.475062E+04   2.462625E+04
   1.802900E-02   2.472800E+04   2.456847E+04   2.472645E+04   2.459934E+04
   1.828800E-02   2.469700E+04   2.452518E+04   2.469528E+04   2.456543E+04
   1.855200E-02   2.466200E+04   2.447552E+04   2.466008E+04   2.452747E+04
   1.881800E-02   2.462000E+04   2.442008E+04   2.461789E+04   2.448253E+04
   1.908900E-02   2.457300E+04   2.435825E+04   2.457066E+04   2.443255E+04
   1.936400E-02   2.452000E+04   2.429027E+04   2.451743E+04   2.437656E+04
   1.964300E-02   2.446100E+04   2.421617E+04   2.445818E+04   2.431456E+04
   1.992500E-02   2.439600E+04   2.413629E+04   2.439292E+04   2.424657E+04
   2.021200E-02   2.432500E+04   2.405016E+04   2.432165E+04   2.417258E+04
   2.050300E-02   2.424800E+04   2.395814E+04   2.424437E+04   2.409258E+04
   2.079800E-02   2.416600E+04   2.386035E+04   2.416206E+04   2.400759E+04
   2.109700E-02   2.407700E+04   2.375691E+04   2.407275E+04   2.391562E+04
   2.140000E-02   2.398200E+04   2.364798E+04   2.397744E+04   2.381768E+04
   2.170800E-02   2.388100E+04   2.353334E+04   2.387612E+04   2.371374E+04
   2.202100E-02   2.377500E+04   2.341314E+04   2.376977E+04   2.360481E+04
   2.233800E-02   2.366200E+04   2.328795E+04   2.365644E+04   2.348893E+04
   2.265900E-02   2.354300E+04   2.315797E+04   2.353711E+04   2.336709E+04
   2.298500E-02   2.341800E+04   2.302301E+04   2.341179E+04   2.323928E+04
   2.331600E-02   2.328800E+04   2.288328E+04   2.328145E+04   2.310651E+04
   2.365100E-02   2.315100E+04   2.273943E+04   2.314415E+04   2.296680E+04
   2.399100E-02   2.301000E+04   2.259128E+04   2.300283E+04   2.282314E+04
   2.433700E-02   2.286200E+04   2.243861E+04   2.285454E+04   2.267253E+04
   2.468700E-02   2.270900E+04   2.228256E+04   2.270127E+04   2.251700E+04
   2.504200E-02   2.255000E+04   2.212295E+04   2.254204E+04   2.235555E+04
   2.540200E-02   2.238600E+04   2.196002E+04   2.237783E+04   2.218916E+04
   2.576800E-02   2.221700E+04   2.179358E+04   2.220865E+04   2.201785E+04
   2.613900E-02   2.204300E+04   2.162434E+04   2.203450E+04   2.184163E+04
   2.651500E-02   2.186400E+04   2.145256E+04   2.185541E+04   2.166052E+04
   2.689600E-02   2.168000E+04   2.127848E+04   2.167138E+04   2.147450E+04
   2.728300E-02   2.149100E+04   2.110190E+04   2.148241E+04   2.128359E+04
   2.767600E-02   2.129800E+04   2.092307E+04   2.128948E+04   2.108878E+04
   2.807400E-02   2.110100E+04   2.074267E+04   2.109262E+04   2.089009E+04
   2.847800E-02   2.089900E+04   2.056050E+04   2.089086E+04   2.068654E+04
   2.888800E-02   2.069400E+04   2.037676E+04   2.068615E+04   2.048008E+04
   2.930300E-02   2.048500E+04   2.019213E+04   2.047755E+04   2.026978E+04
   2.972500E-02   2.027300E+04   2.000592E+04   2.026601E+04   2.005659E+04
   3.015200E-02   2.005700E+04   1.981922E+04   2.005060E+04   1.983957E+04
   3.058600E-02   1.983900E+04   1.963133E+04   1.983325E+04   1.962067E+04
   3.102600E-02   1.961800E+04   1.944288E+04   1.961301E+04   1.939891E+04
   3.147300E-02   1.939400E+04   1.925362E+04   1.938989E+04   1.917431E+04
   3.192600E-02   1.916900E+04   1.906413E+04   1.916584E+04   1.894884E+04
   3.238500E-02   1.894100E+04   1.887456E+04   1.893894E+04   1.872055E+04
   3.285100E-02   1.871200E+04   1.868463E+04   1.871113E+04   1.849140E+04
   3.332400E-02   1.848200E+04   1.849450E+04   1.848241E+04   1.826140E+04
   3.380300E-02   1.825100E+04   1.830468E+04   1.825281E+04   1.803055E+04
   3.429000E-02   1.802000E+04   1.811450E+04   1.802328E+04   1.779983E+04
   3.478300E-02   1.778800E+04   1.792486E+04   1.779288E+04   1.756828E+04
   3.528300E-02   1.755700E+04   1.773547E+04   1.756354E+04   1.733786E+04
   3.579100E-02   1.732500E+04   1.754604E+04   1.733334E+04   1.710661E+04
   3.630600E-02   1.709500E+04   1.735706E+04   1.710516E+04   1.687746E+04
   3.682800E-02   1.686500E+04   1.716860E+04   1.687711E+04   1.664848E+04
   3.735800E-02   1.663700E+04   1.698038E+04   1.665108E+04   1.642158E+04
   3.789600E-02   1.641000E+04   1.679248E+04   1.642613E+04   1.619584E+04
   3.844100E-02   1.618600E+04   1.660532E+04   1.620419E+04   1.597318E+04
   3.899400E-02   1.596300E+04   1.641863E+04   1.598332E+04   1.575165E+04
   3.955500E-02   1.574300E+04   1.623245E+04   1.576545E+04   1.553319E+04
   4.012400E-02   1.552600E+04   1.604687E+04   1.555057E+04   1.531783E+04
   4.070200E-02   1.531200E+04   1.586161E+04   1.533865E+04   1.510552E+04
   4.128700E-02   1.510200E+04   1.567736E+04   1.513069E+04   1.489726E+04
   4.188100E-02   1.489500E+04   1.549355E+04   1.492569E+04   1.469205E+04
   4.248400E-02   1.469200E+04   1.531023E+04   1.472459E+04   1.449087E+04
   4.309500E-02   1.449300E+04   1.512776E+04   1.452741E+04   1.429370E+04
   4.371500E-02   1.429900E+04   1.494588E+04   1.433505E+04   1.410150E+04
   4.434400E-02   1.410900E+04   1.476465E+04   1.414657E+04   1.391331E+04
   4.498200E-02   1.392300E+04   1.458412E+04   1.396195E+04   1.372910E+04
   4.562900E-02   1.374300E+04   1.440423E+04   1.378305E+04   1.355081E+04
   4.628600E-02   1.356700E+04   1.422503E+04   1.360797E+04   1.337647E+04
   4.695200E-02   1.339600E+04   1.404657E+04   1.343764E+04   1.320706E+04
   4.762800E-02   1.323000E+04   1.386873E+04   1.327203E+04   1.304253E+04
   4.831300E-02   1.306900E+04   1.369180E+04   1.311113E+04   1.288291E+04
   4.900800E-02   1.291300E+04   1.351555E+04   1.295490E+04   1.272816E+04
   4.971300E-02   1.276100E+04   1.334011E+04   1.280239E+04   1.257733E+04
   5.042800E-02   1.261500E+04   1.316544E+04   1.265544E+04   1.243229E+04
   5.115400E-02   1.247300E+04   1.299137E+04   1.251215E+04   1.229113E+04
   5.189000E-02   1.233600E+04   1.281821E+04   1.237343E+04   1.215478E+04
   5.263700E-02   1.220400E+04   1.264572E+04   1.223924E+04   1.202322E+04
   5.339400E-02   1.207600E+04   1.247424E+04   1.210865E+04   1.189554E+04
   5.416200E-02   1.195100E+04   1.230356E+04   1.198071E+04   1.177071E+04
   5.494100E-02   1.183000E+04   1.213373E+04   1.185630E+04   1.164973E+04
   5.573200E-02   1.171300E+04   1.196459E+04   1.173539E+04   1.153254E+04
   5.653400E-02   1.159800E+04   1.179641E+04   1.161615E+04   1.141726E+04
   5.734700E-02   1.148600E+04   1.162922E+04   1.149946E+04   1.130485E+04
   5.817200E-02   1.137600E+04   1.146288E+04   1.138439E+04   1.119434E+04
   5.900900E-02   1.126800E+04   1.129744E+04   1.127092E+04   1.108573E+04
   5.985800E-02   1.116100E+04   1.113295E+04   1.115814E+04   1.097811E+04
   6.072000E-02   1.105400E+04   1.096926E+04   1.104513E+04   1.087056E+04
   6.159300E-02   1.094800E+04   1.080682E+04   1.093281E+04   1.076402E+04
   6.248000E-02   1.084100E+04   1.064511E+04   1.081935E+04   1.065659E+04
   6.337900E-02   1.073300E+04   1.048456E+04   1.070479E+04   1.054836E+04
   6.429000E-02   1.062400E+04   1.032520E+04   1.058915E+04   1.043933E+04
   6.521500E-02   1.051300E+04   1.016673E+04   1.047151E+04   1.032858E+04
   6.615400E-02   1.039900E+04   1.000923E+04   1.035103E+04   1.021524E+04
   6.710600E-02   1.028200E+04   9.852896E+03   1.022776E+04   1.009937E+04
   6.807100E-02   1.016100E+04   9.697790E+03   1.010087E+04   9.980071E+03
   6.905100E-02   1.003600E+04   9.543638E+03   9.970360E+03   9.857419E+03
   7.004400E-02   9.907400E+03   9.390804E+03   9.836677E+03   9.731761E+03
   7.105200E-02   9.773500E+03   9.239016E+03   9.698364E+03   9.601673E+03
   7.207400E-02   9.634500E+03   9.088523E+03   9.555693E+03   9.467388E+03
   7.311100E-02   9.490400E+03   8.939176E+03   9.408710E+03   9.328926E+03
   7.416300E-02   9.340800E+03   8.791044E+03   9.257155E+03   9.186008E+03
   7.523000E-02   9.185900E+03   8.644177E+03   9.101285E+03   9.038896E+03
   7.631300E-02   9.025700E+03   8.498480E+03   8.941165E+03   8.887590E+03
   7.741100E-02   8.860200E+03   8.354144E+03   8.776912E+03   8.732195E+03
   7.852400E-02   8.689900E+03   8.211206E+03   8.609038E+03   8.573242E+03
   7.965400E-02   8.515000E+03   8.069457E+03   8.437757E+03   8.410923E+03
   8.080000E-02   8.336100E+03   7.929070E+03   8.263682E+03   8.245797E+03
   8.196300E-02   8.153700E+03   7.789969E+03   8.087292E+03   8.078388E+03
   8.314200E-02   7.968400E+03   7.652316E+03   7.909187E+03   7.909179E+03
   8.433900E-02   7.781100E+03   7.515923E+03   7.730131E+03   7.739028E+03
   8.555200E-02   7.592400E+03   7.381057E+03   7.550725E+03   7.568484E+03
   8.678300E-02   7.403500E+03   7.247536E+03   7.371951E+03   7.398495E+03
   8.803200E-02   7.215100E+03   7.115403E+03   7.194414E+03   7.229817E+03
   8.929800E-02   7.028200E+03   6.984802E+03   7.018964E+03   7.063153E+03
   9.058300E-02   6.843600E+03   6.855561E+03   6.846211E+03   6.899132E+03
   9.188600E-02   6.662500E+03   6.727822E+03   6.677120E+03   6.738749E+03
   9.320900E-02   6.485600E+03   6.601428E+03   6.512182E+03   6.582575E+03
   9.455000E-02   6.313900E+03   6.476606E+03   6.352184E+03   6.431329E+03
   9.591000E-02   6.148200E+03   6.353293E+03   6.197672E+03   6.285565E+03
   9.729000E-02   5.989200E+03   6.231431E+03   6.049095E+03   6.145818E+03
   9.869000E-02   5.837600E+03   6.111057E+03   5.906904E+03   6.012550E+03
   1.001100E-01   5.693900E+03   5.992197E+03   5.771378E+03   5.886104E+03
   1.015500E-01   5.558400E+03   5.874884E+03   5.642634E+03   5.766486E+03
   1.030100E-01   5.431400E+03   5.759142E+03   5.520776E+03   5.653963E+03
   1.044900E-01   5.313200E+03   5.644995E+03   5.405895E+03   5.548536E+03
   1.060000E-01   5.203600E+03   5.531721E+03   5.297513E+03   5.449971E+03
   1.075200E-01   5.102500E+03   5.420838E+03   5.195816E+03   5.358218E+03
   1.090700E-01   5.009400E+03   5.310900E+03   5.099916E+03   5.272576E+03
   1.106400E-01   4.924000E+03   5.202659E+03   5.009667E+03   5.192794E+03
   1.122300E-01   4.845600E+03   5.096122E+03   4.924452E+03   5.118365E+03
   1.138500E-01   4.773300E+03   4.990654E+03   4.843340E+03   5.048440E+03
   1.154800E-01   4.706400E+03   4.887562E+03   4.766147E+03   4.982520E+03
   1.171400E-01   4.643700E+03   4.785579E+03   4.691587E+03   4.919663E+03
   1.188300E-01   4.584200E+03   4.684761E+03   4.618934E+03   4.858992E+03
   1.205400E-01   4.526600E+03   4.585724E+03   4.547494E+03   4.799849E+03
   1.222700E-01   4.469700E+03   4.488464E+03   4.476483E+03   4.741261E+03
   1.240300E-01   4.412100E+03   4.392435E+03   4.404829E+03   4.682354E+03
   1.258200E-01   4.352700E+03   4.297675E+03   4.331892E+03   4.622331E+03
   1.276300E-01   4.290600E+03   4.204725E+03   4.257396E+03   4.560857E+03
   1.294700E-01   4.224700E+03   4.113079E+03   4.180577E+03   4.497185E+03
   1.313300E-01   4.154400E+03   4.023243E+03   4.101408E+03   4.431142E+03
   1.332200E-01   4.079000E+03   3.934735E+03   4.019432E+03   4.362279E+03
   1.351300E-01   3.998100E+03   3.848026E+03   3.934788E+03   4.290630E+03
   1.370800E-01   3.911700E+03   3.762232E+03   3.847278E+03   4.216116E+03
   1.390500E-01   3.819900E+03   3.678246E+03   3.757541E+03   4.139190E+03
   1.410500E-01   3.723400E+03   3.595638E+03   3.665965E+03   4.060196E+03
   1.430800E-01   3.622800E+03   3.514421E+03   3.573054E+03   3.979568E+03
   1.451400E-01   3.519100E+03   3.434604E+03   3.479509E+03   3.898260E+03
   1.472300E-01   3.413800E+03   3.356194E+03   3.386252E+03   3.816764E+03
   1.493500E-01   3.307900E+03   3.279197E+03   3.293894E+03   3.735976E+03
   1.515000E-01   3.202800E+03   3.203615E+03   3.203206E+03   3.656546E+03
   1.536700E-01   3.099900E+03   3.129784E+03   3.115071E+03   3.579353E+03
   1.558900E-01   3.000500E+03   3.056698E+03   3.029595E+03   3.504684E+03
   1.581300E-01   2.905800E+03   2.985358E+03   2.947791E+03   3.433315E+03
   1.604000E-01   2.816800E+03   2.915424E+03   2.869854E+03   3.365589E+03
   1.627100E-01   2.734200E+03   2.846598E+03   2.795813E+03   3.301645E+03
   1.650500E-01   2.658700E+03   2.779182E+03   2.725984E+03   3.241788E+03
   1.674300E-01   2.590300E+03   2.712893E+03   2.660033E+03   3.185661E+03
   1.698400E-01   2.528900E+03   2.648011E+03   2.597890E+03   3.133284E+03
   1.722800E-01   2.474100E+03   2.584524E+03   2.539207E+03   3.084254E+03
   1.747600E-01   2.425200E+03   2.522167E+03   2.483388E+03   3.038189E+03
   1.772700E-01   2.381400E+03   2.461191E+03   2.430116E+03   2.994588E+03
   1.798200E-01   2.341500E+03   2.401346E+03   2.378667E+03   2.952864E+03
   1.824100E-01   2.304200E+03   2.342638E+03   2.328476E+03   2.912435E+03
   1.850400E-01   2.268000E+03   2.285071E+03   2.278961E+03   2.872648E+03
   1.877000E-01   2.231800E+03   2.228853E+03   2.229877E+03   2.833213E+03
   1.904000E-01   2.194100E+03   2.173762E+03   2.180615E+03   2.793594E+03
   1.931400E-01   2.154100E+03   2.119796E+03   2.130996E+03   2.753557E+03
   1.959200E-01   2.110800E+03   2.066952E+03   2.080810E+03   2.712894E+03
   1.987400E-01   2.063900E+03   2.015226E+03   2.030104E+03   2.671460E+03
   2.016000E-01   2.013200E+03   1.964610E+03   1.978960E+03   2.629433E+03
   2.045000E-01   1.959100E+03   1.915097E+03   1.927642E+03   2.586906E+03
   2.074400E-01   1.902200E+03   1.866678E+03   1.876444E+03   2.544298E+03
   2.104200E-01   1.843400E+03   1.819344E+03   1.825715E+03   2.501849E+03
   2.134500E-01   1.784000E+03   1.772934E+03   1.775753E+03   2.459715E+03
   2.165200E-01   1.725200E+03   1.727595E+03   1.727009E+03   2.418592E+03
   2.196400E-01   1.668100E+03   1.683176E+03   1.679632E+03   2.378492E+03
   2.228000E-01   1.613800E+03   1.639813E+03   1.633948E+03   2.339707E+03
   2.260000E-01   1.563300E+03   1.597489E+03   1.590106E+03   2.302449E+03
   2.292600E-01   1.517200E+03   1.555940E+03   1.547939E+03   2.266585E+03
   2.325500E-01   1.475500E+03   1.515538E+03   1.507637E+03   2.232332E+03
   2.359000E-01   1.438200E+03   1.475904E+03   1.468805E+03   2.199261E+03
   2.392900E-01   1.404900E+03   1.437269E+03   1.431463E+03   2.167527E+03
   2.427400E-01   1.374700E+03   1.399399E+03   1.395185E+03   2.136673E+03
   2.462300E-01   1.346800E+03   1.362508E+03   1.359961E+03   2.106616E+03
   2.497700E-01   1.320100E+03   1.326475E+03   1.325494E+03   2.077246E+03
   2.533700E-01   1.293500E+03   1.291195E+03   1.291531E+03   2.048071E+03
   2.570100E-01   1.266100E+03   1.256855E+03   1.258129E+03   2.019405E+03
   2.607100E-01   1.237300E+03   1.223255E+03   1.225082E+03   1.990809E+03
   2.644600E-01   1.206700E+03   1.190480E+03   1.192469E+03   1.962403E+03
   2.682700E-01   1.174100E+03   1.158436E+03   1.160243E+03   1.934261E+03
   2.721300E-01   1.140100E+03   1.127198E+03   1.128596E+03   1.906391E+03
   2.760400E-01   1.105100E+03   1.096754E+03   1.097602E+03   1.878911E+03
   2.800100E-01   1.070000E+03   1.067017E+03   1.067301E+03   1.851719E+03
   2.840400E-01   1.035500E+03   1.037981E+03   1.037761E+03   1.825231E+03
   2.881300E-01   1.002600E+03   1.009640E+03   1.009057E+03   1.799104E+03
   2.922800E-01   9.717200E+02   9.819860E+02   9.811952E+02   1.773480E+03
   2.964800E-01   9.433100E+02   9.550748E+02   9.542334E+02   1.748694E+03
   3.007500E-01   9.173800E+02   9.287696E+02   9.280150E+02   1.724304E+03
   3.050700E-01   8.937200E+02   9.031846E+02   9.026049E+02   1.700409E+03
   3.094600E-01   8.718500E+02   8.781920E+02   8.778338E+02   1.676996E+03
   3.139200E-01   8.511400E+02   8.537883E+02   8.536507E+02   1.653944E+03
   3.184300E-01   8.309300E+02   8.300726E+02   8.301135E+02   1.631323E+03
   3.230100E-01   8.106300E+02   8.069285E+02   8.070902E+02   1.608948E+03
   3.276600E-01   7.898100E+02   7.843510E+02   7.845687E+02   1.586850E+03
   3.323800E-01   7.682800E+02   7.623343E+02   7.625503E+02   1.565155E+03
   3.371600E-01   7.461300E+02   7.409154E+02   7.410875E+02   1.543727E+03
   3.420100E-01   7.236500E+02   7.200400E+02   7.201479E+02   1.522524E+03
   3.469300E-01   7.012600E+02   6.997007E+02   6.997428E+02   1.501748E+03
   3.519200E-01   6.794500E+02   6.798896E+02   6.798789E+02   1.481184E+03
   3.569900E-01   6.586500E+02   6.605612E+02   6.605195E+02   1.460883E+03
   3.621200E-01   6.390900E+02   6.417831E+02   6.417305E+02   1.440882E+03
   3.673300E-01   6.208500E+02   6.234732E+02   6.234275E+02   1.421386E+03
   3.726200E-01   6.038200E+02   6.056264E+02   6.055984E+02   1.401994E+03
   3.779800E-01   5.877000E+02   5.882690E+02   5.882611E+02   1.382922E+03
   3.834200E-01   5.721500E+02   5.713606E+02   5.713702E+02   1.364088E+03
   3.889300E-01   5.568200E+02   5.549243E+02   5.549446E+02   1.345597E+03
   3.945300E-01   5.414500E+02   5.388939E+02   5.389179E+02   1.327291E+03
   4.002100E-01   5.259700E+02   5.232926E+02   5.233145E+02   1.309147E+03
   4.059700E-01   5.104200E+02   5.081139E+02   5.081303E+02   1.291353E+03
   4.118100E-01   4.949600E+02   4.933495E+02   4.933594E+02   1.273719E+03
   4.177300E-01   4.798600E+02   4.789920E+02   4.789966E+02   1.256323E+03
   4.237400E-01   4.653000E+02   4.650107E+02   4.650120E+02   1.239124E+03
   4.298400E-01   4.514300E+02   4.514004E+02   4.514005E+02   1.222174E+03
   4.360200E-01   4.382900E+02   4.381765E+02   4.381769E+02   1.205467E+03
   4.423000E-01   4.257600E+02   4.252904E+02   4.252918E+02   1.188933E+03
   4.486600E-01   4.137000E+02   4.127771E+02   4.127793E+02   1.172548E+03
   4.551200E-01   4.019400E+02   4.005909E+02   4.005936E+02   1.156439E+03
   4.616600E-01   3.903300E+02   3.887631E+02   3.887657E+02   1.140395E+03
   4.683100E-01   3.788300E+02   3.772339E+02   3.772362E+02   1.124614E+03
   4.750500E-01   3.674600E+02   3.660335E+02   3.660351E+02   1.109032E+03
   4.818800E-01   3.563200E+02   3.551547E+02   3.551558E+02   1.093676E+03
   4.888100E-01   3.455000E+02   3.445756E+02   3.445763E+02   1.078348E+03
   4.958500E-01   3.350800E+02   3.342768E+02   3.342773E+02   1.063342E+03
   5.029800E-01   3.250800E+02   3.242817E+02   3.242821E+02   1.048408E+03
   5.102200E-01   3.154600E+02   3.145571E+02   3.145575E+02   1.033693E+03
   5.175600E-01   3.061600E+02   3.051114E+02   3.051117E+02   1.019197E+03
   5.250100E-01   2.970800E+02   2.959266E+02   2.959269E+02   1.004679E+03
   5.325600E-01   2.882000E+02   2.870101E+02   2.870103E+02   9.905606E+02
   5.402200E-01   2.794900E+02   2.783445E+02   2.783447E+02   9.764672E+02
   5.480000E-01   2.709700E+02   2.699146E+02   2.699148E+02   9.624868E+02
   5.558800E-01   2.627000E+02   2.617374E+02   2.617375E+02   9.487362E+02
   5.638800E-01   2.546900E+02   2.537871E+02   2.537871E+02   9.350270E+02
   5.719900E-01   2.469600E+02   2.460692E+02   2.460692E+02   9.216219E+02
   5.802200E-01   2.394800E+02   2.385697E+02   2.385697E+02   9.083241E+02
   5.885700E-01   2.322300E+02   2.312846E+02   2.312847E+02   8.950807E+02
   5.970400E-01   2.251700E+02   2.242098E+02   2.242099E+02   8.820232E+02
   6.056300E-01   2.182800E+02   2.173405E+02   2.173405E+02   8.691107E+02
   6.143400E-01   2.115700E+02   2.106740E+02   2.106740E+02   8.563901E+02
   6.231800E-01   2.050500E+02   2.041971E+02   2.041971E+02   8.437701E+02
   6.321500E-01   1.987200E+02   1.979068E+02   1.979068E+02   8.312457E+02
   6.412400E-01   1.926000E+02   1.918060E+02   1.918060E+02   8.188506E+02
   6.504700E-01   1.866700E+02   1.858777E+02   1.858777E+02   8.067044E+02
   6.598300E-01   1.809100E+02   1.801249E+02   1.801249E+02   7.946068E+02
   6.693200E-01   1.753200E+02   1.745438E+02   1.745438E+02   7.826640E+02
   6.789500E-01   1.698700E+02   1.691250E+02   1.691250E+02   7.708052E+02
   6.887200E-01   1.645900E+02   1.638652E+02   1.638652E+02   7.590358E+02
   6.986300E-01   1.594600E+02   1.587611E+02   1.587611E+02   7.474913E+02
   7.086800E-01   1.544900E+02   1.538096E+02   1.538096E+02   7.361190E+02
   7.188800E-01   1.496700E+02   1.490024E+02   1.490024E+02   7.246904E+02
   7.292200E-01   1.449900E+02   1.443413E+02   1.443413E+02   7.135438E+02
   7.397200E-01   1.404500E+02   1.398144E+02   1.398144E+02   7.024323E+02
   7.503600E-01   1.360400E+02   1.354272E+02   1.354272E+02   6.915004E+02
   7.611600E-01   1.317600E+02   1.311686E+02   1.311686E+02   6.806805E+02
   7.721100E-01   1.276100E+02   1.270397E+02   1.270397E+02   6.699415E+02
   7.832200E-01   1.235900E+02   1.230339E+02   1.230339E+02   6.593836E+02
   7.944900E-01   1.196900E+02   1.191487E+02   1.191487E+02   6.489100E+02
   8.059200E-01   1.159100E+02   1.153814E+02   1.153814E+02   6.385380E+02
   8.175100E-01   1.122400E+02   1.117293E+02   1.117293E+02   6.283222E+02
   8.292800E-01   1.086800E+02   1.081837E+02   1.081837E+02   6.182071E+02
   8.412100E-01   1.052200E+02   1.047485E+02   1.047485E+02   6.081991E+02
   8.533100E-01   1.018800E+02   1.014180E+02   1.014180E+02   5.983550E+02
   8.655900E-01   9.863000E+01   9.818731E+01   9.818731E+01   5.885300E+02
   8.780400E-01   9.548300E+01   9.505684E+01   9.505684E+01   5.789205E+02
   8.906800E-01   9.243200E+01   9.201941E+01   9.201941E+01   5.694095E+02
   9.034900E-01   8.947400E+01   8.907768E+01   8.907768E+01   5.600233E+02
   9.164900E-01   8.660600E+01   8.622487E+01   8.622487E+01   5.507087E+02
   9.296800E-01   8.382700E+01   8.345907E+01   8.345907E+01   5.414924E+02
   9.430500E-01   8.113400E+01   8.078032E+01   8.078032E+01   5.324077E+02
   9.566200E-01   7.852400E+01   7.818264E+01   7.818264E+01   5.234450E+02
   9.703900E-01   7.599400E+01   7.566432E+01   7.566432E+01   5.146202E+02
   9.843500E-01   7.354200E+01   7.322529E+01   7.322529E+01   5.058378E+02
   9.985100E-01   7.116600E+01   7.086199E+01   7.086199E+01   4.971780E+02
   1.012900E+00   6.886400E+01   6.856782E+01   6.856782E+01   4.886038E+02
