0.00099201    3815.2    3815.199936684614    3815.123397946548    -0.05644918400333472    -0.001299820298033082    -0.48521944513265286    -0.06550744094517    -1.6098332315135153    0.00624378631886566
0.0010063    3866.0    3865.999938988288    3865.9201365399626    -0.058054794710463806    -0.0013778422021579642    -0.5059215358312373    -0.06740726249615793    -1.6564846391721624    0.006600646570398612
0.0010208    3917.5    3917.4999401310088    3917.41673524844    -0.059705615271883936    -0.001461114688186312    -0.5275113774260963    -0.06936267793476547    -1.7044999949419448    0.006976400552803165
0.0010355    3969.7    3969.6999387452456    3969.61319047053    -0.06140109763021665    -0.0015511744772224157    -0.5500117957559214    -0.07137368652455744    -1.753875008488611    0.007376764207689163
0.0010504    4022.5    4022.4999377927743    4022.4094991371358    -0.06314245683117439    -0.001645149222938533    -0.5734468809618671    -0.07344125441213015    -1.804638171165469    0.007794058759220559
0.0010655    4075.9    4075.899937182865    4075.805655956406    -0.06493039394941888    -0.0017457734696569452    -0.5978475174845069    -0.07556657277951306    -1.8568179027139269    0.008242166754900769
0.0010808    4130.1    4130.099929827512    4130.00165070813    -0.0667657244321947    -0.0018508716559086417    -0.6232789000639618    -0.07775075948416858    -1.910443775194691    0.008705812285244289
0.0010963    4184.8    4184.799925786453    4184.697484761073    -0.06864922421800532    -0.001959123594687884    -0.6497338757138225    -0.07999534778234793    -1.9655454411236368    0.009202018125740159
0.0011121    4240.3    4240.299927139793    4240.19312587356    -0.07059418239050473    -0.0020765192355057024    -0.6774180284250196    -0.08231613183176478    -2.022516047322855    0.00972265197706775
0.0011281    4296.5    4296.499925152836    4296.38858825408    -0.07258943902844692    -0.002199627258171708    -0.706237967800411    -0.08470008774199186    -2.0810331983266903    0.010274257953652534
0.0011444    4353.3    4353.299935260107    4353.183848161567    -0.07464834199392681    -0.0023337209992720354    -0.736349034572163    -0.08716351227575506    -2.1415013890077397    0.01085813012990339
0.0011608    4410.9    4410.899923822857    4410.778933311082    -0.07674686812351049    -0.002469146850475842    -0.767570834267173    -0.08967789940299027    -2.203210164388044    0.011472397795470103
0.0011775    4469.1    4469.099925491958    4468.973801656984    -0.07891139819748715    -0.0026181087995528316    -0.8001740141210976    -0.09227469247912648    -2.2669438224585328    0.01212380467601295
0.0011945    4528.1    4528.099932623262    4527.968438838153    -0.08114292542801356    -0.002775263588638353    -0.8342517254779159    -0.09495634525723046    -2.332750709170796    0.012810806352606494
0.0012116    4587.8    4587.79991928246    4587.662883448468    -0.08341626575933501    -0.0029394165683850905    -0.8695555158367096    -0.09769224861317445    -2.3998892989605327    0.013528781587291507
0.0012291    4648.2    4648.1999305873605    4648.057060878206    -0.08577242178864786    -0.003114749913110332    -0.9065629633809587    -0.10053209512226446    -2.4695778021518797    0.014297021907213908
0.0012468    4709.3    4709.299936132033    4709.151006915159    -0.08818583433956902    -0.003298520958365304    -0.9450448150090826    -0.10344596771370045    -2.5410718941875867    0.01510554003909689
0.0012647    4771.2    4771.199930417561    4771.044710436578    -0.09065727985614168    -0.003493502957442443    -0.9850714360638505    -0.10643482534106037    -2.614405117056788    0.015954803992146403
0.0012829    4833.9    4833.899929098544    4833.738138045596    -0.09320163414083688    -0.003700046266715171    -1.0268575213950772    -0.10951737381608868    -2.6900303371851653    0.01685344060943691
0.0013014    4897.2    4897.199942476197    4897.031285961337    -0.09582066006933983    -0.003917820537020111    -1.0704281228330392    -0.11269575106602917    -2.7680001871170483    0.017805076351953546
0.0013201    4961.4    4961.399937901765    4961.224159335397    -0.09850095596988112    -0.004149575489134661    -1.115749012028408    -0.11595482946985283    -2.847937672346271    0.018806225518731373
0.0013391    5026.3    5026.299942630453    5026.116728957441    -0.10125811092921991    -0.004393978751581926    -1.1630083593469387    -0.1193132718263172    -2.9303157817198344    0.019864971482294595
0.0013583    5092.0    5091.999932731896    5091.80900741509    -0.10407871520503079    -0.0046538990409359556    -1.2121215477024774    -0.12275571399601698    -3.0147470346541807    0.020977562749521485
0.0013779    5158.5    5158.499945333684    5158.3009278643185    -0.10699353879445453    -0.004929046689436979    -1.2635238324327875    -0.12632011760204923    -3.1021654167937744    0.0221602619160653
0.0013977    5225.8    5225.799942147423    5225.592534422948    -0.10997441880931746    -0.005219907180823886    -1.3169290301931869    -0.12997277822172304    -3.1917352032876187    0.02340265842593269
0.0014178    5293.8    5293.79994788301    5293.583790013897    -0.11303712005352977    -0.005526332510531913    -1.3725722597734205    -0.1337337206409082    -3.2839562178894135    0.02471470926604599
0.0014382    5362.7    5362.699950108608    5362.474673915798    -0.11618344196139818    -0.005852338895161157    -1.4305934724138256    -0.1376053896359307    -3.3788863677434526    0.026100819531496237
0.0014589    5432.4    5432.3999555324235    5432.165176363237    -0.1194146644077158    -0.006198053577786341    -1.4910442950642393    -0.1415903405126467    -3.4765842733993204    0.02756467612773039
0.0014799    5502.8    5502.799969333357    5502.55528778563    -0.12273219036590016    -0.0065630747464420795    -1.553991647751037    -0.14569097571797401    -3.5771094314106247    0.029108445397003222
0.0015012    5574.2    5574.199971854507    5573.9449803861935    -0.126137037483005    -0.006947974084475606    -1.6196123952417736    -0.14990977823604773    -3.6805221729790296    0.030738494974037717
0.0015228    5646.3    5646.299982382967    5646.034252846343    -0.129630730096304    -0.007356954131667184    -1.687912033402084    -0.15424950240673344    -3.786881799994149    0.032457724357845566
0.0015447    5719.3    5719.299986782626    5719.023080403323    -0.13321499758117775    -0.007789589243494711    -1.759060142755149    -0.15871239249768457    -3.8962536480555965    0.034270928278109195
0.0015669    5793.1    5793.099991171719    5792.8114518106195    -0.13689040990974435    -0.008247076666940951    -1.8331229585975723    -0.16330060668581878    -4.008698518102323    0.036182057905472395
0.0015895    5867.8    5867.800012548794    5867.499308485405    -0.14067610671477826    -0.008732858705826966    -1.91047418137749    -0.1680390658890188    -4.124797199608378    0.03820625071781489
0.0016124    5943.3    5943.300033534977    5942.986674008015    -0.14455607690902253    -0.009246935762597285    -1.9909648423692141    -0.17290903816283265    -4.244111221677715    0.040340030495604355
0.0016356    6019.7    6019.700045379888    6019.373525350406    -0.1485323619556927    -0.009790463148344496    -2.074738571231634    -0.1779135154593864    -4.366705875829892    0.04258805934234533
0.0016591    6096.9    6096.900054797589    6096.55985033771    -0.15260557376316652    -0.010365099709076212    -2.1618803361328203    -0.18305484308225098    -4.49264735164147    0.04495611016043087
0.001683    6175.0    6175.0000801662245    6174.645583011305    -0.1567950828997241    -0.010973738348636207    -2.2528065314701005    -0.188358614440062    -4.622549903061618    0.04746026716430182
0.0017072    6254.1    6254.100084519167    6253.730737640958    -0.1610848101641793    -0.011617656815261545    -2.3474348991795337    -0.1938056991285213    -4.7559492901276315    0.05009776860430764
0.0017317    6334.0    6334.000083254505    6333.615306016145    -0.16547609366636576    -0.012297367368530793    -2.44581215440479    -0.19939955641888904    -4.892914347937592    0.052873810734262505
0.0017567    6414.7    6414.700135049246    6414.299178444993    -0.17000649079213484    -0.013021734042734599    -2.5486448075370483    -0.2051895590581969    -5.03465631622002    0.055819392087024786
0.0017819    6496.4    6496.400131718536    6495.982452436719    -0.17462259002328276    -0.013783191755882815    -2.6553030093650936    -0.2111085386539883    -5.179556822388763    0.05890756478041239
0.0018076    6579.0    6579.000172341628    6578.564974003096    -0.17938136347123798    -0.014593487957824818    -2.766777266793141    -0.2172314906184607    -5.329424439542277    0.06218102086566378
0.0018336    6662.5    6662.500194373928    6662.046810546319    -0.18424692924281097    -0.015449215716692909    -2.8826369803059904    -0.2235142567105152    -5.483189591810619    0.06562467417928165
0.00186    6746.9    6746.900228415743    6746.427889024206    -0.18924045027991937    -0.016355031191491065    -3.0033498016817397    -0.22998499579684106    -5.641529773554214    0.06925853821124216
0.0018867    6832.3    6832.300229312902    6831.80822556084    -0.194343706757616    -0.01731070721736469    -3.128807186685696    -0.23662319506188087    -5.803932069537553    0.07308118648262983
0.0019139    6918.6    6918.60027405395    6918.087697678755    -0.1995964619536127    -0.018326977485193876    -3.259805248418164    -0.24348125908435822    -5.97171518558226    0.07712660187804143
0.0019414    7005.8    7005.800292917658    7005.266379642177    -0.2049618495673466    -0.019399064717692396    -3.395869200310434    -0.25051394990571735    -6.143747597548805    0.08138090106260193
0.0019693    7093.9    7093.900319181238    7093.344189963682    -0.21046022702185527    -0.020533218730086532    -3.537523444421663    -0.2577516237500999    -6.320743875504061    0.08586503014415928
0.0019977    7183.0    7183.000377589047    7182.42103288285    -0.21611326813269482    -0.021737619833042454    -3.6853690861348283    -0.2652242649223486    -6.5034463190507    0.09060865042525676
0.0020264    7273.0    7273.000403943335    7272.39699608831    -0.2218827064904946    -0.02300786712256506    -3.838854386886419    -0.2728822698399904    -6.690678623982412    0.09559144965843043
0.0020556    7364.0    7364.0004605478825    7363.371922830923    -0.2278096340419434    -0.024355377765698755    -3.998992380849109    -0.2807860803104051    -6.883866916559539    0.10085993996110532
0.0020851    7455.9    7455.900479672805    7455.245905715798    -0.2338547729849029    -0.025775865782823922    -4.16516931742965    -0.2888844366453244    -7.081785708346214    0.10639177775017433
0.0021151    7548.8    7548.800526331388    7548.118779141832    -0.2400600725348198    -0.027282170656435886    -4.338464413141182    -0.2972380600923847    -7.285895394118619    0.11223747641342137
0.0021456    7642.7    7642.700600489751    7641.9905015675295    -0.24642796972881167    -0.028880479427040404    -4.51914048681648    -0.3058518545496429    -7.496330379162275    0.11841137573355097
0.0021765    7737.6    7737.600658331713    7736.861096687981    -0.25293843744540073    -0.030568752588649557    -4.707041375037187    -0.3147029155749501    -7.712529772398812    0.12490981324973394
0.0022078    7833.4    7833.400710634189    7832.630535678991    -0.2595923609474051    -0.032353169473567825    -4.9023658528548495    -0.3237964341538031    -7.934609200374371    0.13174906480785117
0.0022395    7930.2    7930.200739808146    7929.398768657165    -0.26639074325600587    -0.034237782779934424    -5.105420262244533    -0.333136819028267    -8.162682403234976    0.13894540706255756
0.0022718    8027.9    8027.9008509477235    8027.065622017945    -0.27337768942715557    -0.03624067751684136    -5.317343613537486    -0.3427905434449157    -8.398336450025987    0.14656218296277543
0.0023044    8126.7    8126.700871246062    8125.831242391812    -0.28048910567303653    -0.03834905372505536    -5.537199486098798    -0.3526735973718699    -8.639516956833422    0.1545504575134282
0.0023376    8226.4    8226.400971657707    8225.495386154611    -0.28779179334438154    -0.04058827080109846    -5.766533567484967    -0.3628802706130163    -8.888579310120065    0.1629950328874671
0.0023712    8327.2    8327.201020446668    8326.258130623928    -0.2952418690270381    -0.042951717944227454    -6.00484273251399    -0.3733575969254367    -9.144175367734794    0.17187363978938106
0.0024054    8428.9    8428.901148607638    8427.919291712396    -0.30288538350511207    -0.04546036362882549    -6.25333902457608    -0.3841744365950329    -9.407978850536413    0.18126021293519243
0.00244    8531.7    8531.701217029897    8530.678951103822    -0.3106777757733405    -0.04810744867841281    -6.511479617959349    -0.39527255448278964    -9.678613026773911    0.1911203900331215
0.0024751    8635.4    8635.401308502669    8634.336999645899    -0.3186418023241911    -0.050907598327827236    -6.779982927959483    -0.4066894006206127    -9.956995090319916    0.20150812091224635
0.0025107    8740.1    8740.101402345168    8738.993368884674    -0.3267788537606409    -0.05386932449283441    -7.059274614615138    -0.4184358583625978    -10.243276526750815    0.21245034679961047
0.0025468    8845.8    8845.8014947607    8844.648000569225    -0.33508856658366426    -0.0570009079420828    -7.349745199007558    -0.4305165354466192    -10.537636682522946    0.2239678591729788
0.0025834    8952.6    8952.601561489482    8951.400820901767    -0.3435695650971257    -0.060310989155445464    -7.651839667914585    -0.44293809056474936    -10.840227435696704    0.23609094411940187
0.0026206    9060.3    9060.301696947061    9059.051702643077    -0.352246748851844    -0.06381933251429153    -7.966428153253386    -0.4557414026379653    -11.15206503803683    0.24888305800171545
0.0026583    9169.1    9169.1017983308    9167.800642820357    -0.36109634015176867    -0.06752632415273666    -8.293494515834524    -0.468901460724712    -11.472499824754244    0.26233946591478335
0.0026966    9278.8    9278.801963962058    9277.447507024797    -0.37013961461412986    -0.07145309407346633    -8.633921547946885    -0.4824612404452398    -11.802562907327227    0.27653113950863145
0.0027354    9389.6    9389.602084936703    9388.192291731386    -0.37935479808047795    -0.07560020303606414    -8.987738481152597    -0.4963925696806667    -12.141591955825067    0.29145311216352426
0.0027747    9501.4    9501.4021751899    9499.934943130207    -0.38873887350642383    -0.07997933508780246    -9.355324173115905    -0.5107043094416498    -12.489755649507254    0.3071351160864777
0.0028147    9614.2    9614.202361375275    9612.675178712776    -0.39833922502691127    -0.08462578661419681    -9.738456126870494    -0.5254790990130098    -12.849037561489599    0.32370649883523545
0.0028552    9728.0    9728.00250670306    9726.413126458916    -0.40810752699748964    -0.08953051716890188    -10.136336492173818    -0.5406488173192048    -13.217855666854902    0.34111139137859964
0.0028962    9842.8    9842.802601974101    9841.14871154019    -0.4180413396444012    -0.09470612187681485    -10.549423810253916    -0.5562224122590287    -13.596391338077895    0.3593922486547928
0.0029379    9958.6    9958.602781055106    9956.881629704367    -0.42818993304302033    -0.1001921004143061    -10.979680924170813    -0.5722867395078688    -13.986709780666857    0.37869187337318005
0.0029802    10075.0    10075.003075267645    10073.211975029588    -0.438522092863444    -0.10599388136607495    -11.426553123118037    -0.5888134453785121    -14.38811783844004    0.39899861837873113
0.0030231    10193.0    10193.003216499657    10191.139474630918    -0.44903784818145337    -0.11212651448323191    -11.891760445696141    -0.6058112787731239    -14.800841134790735    0.4203602676457335
0.0030666    10312.0    10312.003344758497    10310.064144761662    -0.4597341759810998    -0.11860809789500651    -12.375220266051073    -0.6232918946174805    -15.225107175624265    0.44284149760055014
0.0031107    10432.0    10432.003457985249    10429.985888259742    -0.47060569429402094    -0.12545466866240107    -12.877552167024616    -0.6412634395077663    -15.661151789128951    0.4664637320960296
0.0031554    10553.0    10553.0035443272    10550.904609084606    -0.48165057522156723    -0.13268859876360375    -13.399389932102876    -0.6597376307511303    -16.109202835478882    0.4913019382688326
0.0032008    10674.0    10674.00398245244    10671.82028554099    -0.4928913366402657    -0.14034276488373634    -13.94094190785659    -0.6787663672503877    -16.570521831899594    0.5174604663823642
0.0032469    10797.0    10797.004161073222    10794.732388619288    -0.5043195138946857    -0.1484439092984576    -14.505502523273083    -0.6983599206189123    -17.045389244902328    0.5450133408168766
0.0032936    10921.0    10921.004284802368    10918.641147537035    -0.5159081781926067    -0.15699511592610615    -15.091647600185402    -0.7184917580113908    -17.533038416665278    0.5739507575176469
0.003341    11046.0    11046.00442749217    11043.546310889991    -0.5276666274305448    -0.16603866709724796    -15.7010191021801    -0.739210440812154    -18.03473893113867    0.6043995339728379
0.0033891    11171.0    11171.004923464337    11168.447992027044    -0.5396082594058716    -0.175597982307256    -16.332989419751158    -0.7605331965649708    -18.550827165796882    0.6364339603688529
0.0034378    11298.0    11298.00499130839    11295.345752640385    -0.5516972101537904    -0.18568408009723317    -16.99021570215097    -0.7824242290869664    -19.08048415542398    0.6700541876295121
0.0034873    11426.0    11426.00513518188    11423.239395774974    -0.5639592841030172    -0.19636412095991898    -17.674068831122383    -0.80499381467944    -19.626173552326467    0.7054791404257998
0.0035375    11554.0    11554.005625820828    11551.129193568973    -0.5763757209514762    -0.20764736508995624    -18.38285223441434    -0.8281995159784901    -20.187125818540416    0.7427160250717467
0.0035884    11684.0    11684.005708783361    11681.014503785604    -0.588935431777124    -0.21956443772240886    -19.120538710847843    -0.85205896122036    -20.76364278169742    0.7818374858481739
0.00364    11814.0    11814.006127934774    11810.895709532064    -0.6016260481594334    -0.23214880351606423    -19.88495791724214    -0.8765876401577081    -21.355986621574257    0.8229368693664971
0.0036924    11945.0    11945.006593031896    11941.772244015548    -0.6144650252010215    -0.2454597525511514    -20.679534481444964    -0.9018444884877013    -21.965677573835663    0.8661908641387108
0.0037455    12078.0    12078.006577422439    12074.643832851703    -0.6274145558235918    -0.25950730213289197    -21.506023658693437    -0.9278079129269399    -22.59186875171881    0.9115932128445362
0.0037994    12211.0    12211.006958832199    12207.510715838884    -0.6404917447875125    -0.2743583345648137    -22.363116680527494    -0.9545247913029773    -23.236078037136185    0.9593435751857954
0.0038541    12345.0    12345.007346945156    12341.372451088277    -0.6536791488694318    -0.2900532695198303    -23.25345591090431    -0.9820199932117653    -23.898672160003525    1.0095285211760194
0.0039095    12480.0    12480.007599103928    12476.229053490059    -0.6669392638117186    -0.30660557661455146    -24.177185191847528    -1.0102594609590145    -24.578784050519957    1.0621864824303575
0.0039658    12616.0    12616.007913648216    12612.079977079622    -0.6803016704654944    -0.3241233502220394    -25.13762546477489    -1.0393620350331048    -25.279218167292584    1.1176065765529002
0.0040228    12753.0    12753.008041512036    12748.925422536187    -0.6937053502352333    -0.34258715387009253    -26.133657765488405    -1.0692363096385502    -25.997895762348772    1.1757119752532348
0.0040807    12890.0    12890.008684552024    12885.76516143451    -0.7071876080975722    -0.3621175014036438    -27.166723931754603    -1.1000045848226039    -26.73768912698698    1.2368315462443666
0.0041394    13029.0    13029.008716061846    13024.598522771126    -0.7206985886027155    -0.38272778656633    -28.241098279061365    -1.1316400094240624    -27.497731095950325    1.3009798693578207
0.004199    13168.0    13168.009239955401    13163.425796806861    -0.7342413624028538    -0.4045120001502266    -29.355066698695715    -1.1642082814244137    -28.27967298365911    1.3684091612219773
0.0042594    13308.0    13308.009604424295    13303.24664382197    -0.7477737962267359    -0.42749355202468836    -30.51071074317296    -1.1976736285613918    -29.082651324294194    1.4391410302850292
0.0043207    13449.0    13449.009900326939    13444.060643824381    -0.7612936785034521    -0.4517719321936199    -31.71081882363449    -1.232109430963703    -29.908427373116723    1.5134469994256219
0.0043828    13591.0    13591.009963714587    13585.867796805933    -0.7747565558646935    -0.477368839202983    -32.95541346171248    -1.267483366002462    -30.756069616792374    1.5913461424410547
0.0044459    13733.0    13733.010607198032    13727.667837620605    -0.788184964246138    -0.5044319674668214    -34.24634502620571    -1.3039328376501698    -31.628747361137687    1.6732569172397418
0.0045099    13876.0    13876.011105461821    13870.46036636981    -0.8015238365694464    -0.5330107873683532    -35.58602783136679    -1.3414111250368554    -32.52556396133143    1.7592364531353386
0.0045748    14020.0    14020.011414383442    14014.245145741477    -0.8147445813577276    -0.5631597000405412    -36.97613463260865    -1.3799452850268217    -33.44696560805368    1.849445775514931
0.0046406    14165.0    14165.011486379237    14159.02192958439    -0.8278158328301547    -0.5949632231922489    -38.417763262412194    -1.419553102793739    -34.39342246472551    1.9440345060179762
0.0047073    14310.0    14310.011932695046    14303.790922238613    -0.8407081268953486    -0.6285072602104198    -39.91079331430046    -1.4602720683132766    -35.36538833897761    2.0432156271951345
0.0047751    14456.0    14456.01236547173    14449.550924836512    -0.8534237004029823    -0.6639730497291113    -41.46242458791742    -1.502247191667003    -36.3662967706313    2.147493967473426
0.0048438    14602.0    14602.013141248004    14595.30264010733    -0.8658847513547343    -0.7013656980003594    -43.06786345931745    -1.5453499461821987    -37.39373709110279    2.2567693053986297
0.0049135    14750.0    14750.012967927662    14743.044587179034    -0.878065390921369    -0.7408297986575101    -44.73676349708985    -1.5896832067827331    -38.449709671684445    2.371403099811949
0.0049842    14898.0    14898.013201145726    14890.777448473511    -0.8899289599550705    -0.7824597988968844    -46.464969770705814    -1.635281431464598    -39.5347287114639    2.4916238842727862
0.0050559    15046.0    15046.013841330257    15038.500965202295    -0.9014332447968093    -0.8263677500555132    -48.254261470437385    -1.6821710518605772    -40.64932003671218    2.6176610066894033
0.0051286    15195.0    15195.014093972597    15187.21433496329    -0.9125290199474746    -0.872669555956189    -50.109616639100345    -1.730372735548282    -41.7939890112331    2.749744657748061
0.0052024    15344.0    15344.01485362682    15335.917505316165    -0.923183717430584    -0.9215398637841475    -52.03177483627858    -1.779968315987536    -42.97089223044189    2.888346521980952
0.0052773    15494.0    15494.015280485592    15485.609608335571    -0.9333311312876299    -0.9731137194637158    -54.0260705792467    -1.8310053618006024    -44.18072694151596    3.033667952465439
0.0053532    15645.0    15645.015123361694    15636.290614744876    -0.9429071979186808    -1.0274447266698399    -56.0927904864665    -1.8834359154236604    -45.422384100465095    3.1858580503690535
0.0054302    15796.0    15796.015339359097    15786.960462346013    -0.9518627024016048    -1.0847499056074594    -58.23237153316172    -1.9373592398498    -46.698074304079874    3.3453727623210567
0.0055084    15947.0    15947.01608292425    15937.618528867195    -0.9601542979709533    -1.145238201149566    -60.44941171243966    -1.9928853676176526    -48.010103758026325    3.512718332348853
0.0055876    16099.0    16099.016047392406    16089.26450120861    -0.9676807764165151    -1.2089146422548456    -62.745223967581076    -2.04989381604116    -49.35575732121887    3.687791387865724
0.005668    16251.0    16251.016433837354    16240.897963177275    -0.9743990644114466    -1.276099955292562    -65.1230090390063    -2.1085551344833884    -50.73903308771975    3.871292068032355
0.0057496    16403.0    16403.017217804907    16392.518604461868    -0.9802259220351142    -1.3469557549284952    -67.5849472035573    -2.1689170878707524    -52.16060181764454    4.063575080514898
0.0058323    16556.0    16556.017160015126    16545.125706461313    -0.9850961228605636    -1.4215590335412251    -70.13535994086368    -2.230920533029487    -53.619383265434706    4.264810147643939
0.0059162    16709.0    16709.017358884856    16697.719225896082    -0.9889083816454884    -1.5002157625151487    -72.77487011780501    -2.294693871658635    -55.1178215309613    4.475669234096686
0.0060013    16862.0    16862.0177701422    16850.2987702499    -0.9915899836299173    -1.5830871115786327    -75.50610011090829    -2.360268428351003    -56.656580546382436    4.69630243946949
0.0060877    17016.0    17016.017424728107    17003.86284474287    -0.9930358261236037    -1.6704722007709984    -78.3386620989652    -2.4277390748305945    -58.23826138921989    4.927522791735716
0.0061753    17169.0    17169.018258839238    17156.412907171056    -0.9931535568261278    -1.7625884989641671    -81.26368986016699    -2.4970965706752706    -59.861713984035745    5.1694274046917
0.0062641    17323.0    17323.017949863133    17309.947023716344    -0.9918306922073157    -1.8594551550768443    -84.2931529122631    -2.568352855557248    -61.527729583271594    5.422398717209016
0.0063543    17477.0    17477.01793563055    17463.464735255104    -0.9889885074155961    -1.9616216781860254    -87.43047186811832    -2.6417291939664462    -63.240667899911244    5.6875153328916594
0.0064457    17630.0    17630.018976032552    17615.96726789222    -0.9844710496972396    -2.069299132221319    -90.6680277441497    -2.717093805354987    -64.99746787890041    5.964586793864446
0.0065384    17784.0    17784.018730990098    17769.452087055095    -0.9781972639254837    -2.1824813290182785    -94.02192074090837    -2.7945610353303865    -66.80107781728526    6.254396629764391
0.0066325    17938.0    17938.01852135009    17922.91915888622    -0.9700055118512436    -2.3018322941775193    -97.4928140840929    -2.874273703585858    -68.65390781921775    6.557717109699363
0.0067279    18091.0    18091.019392330094    18075.369343637412    -0.9597676336789169    -2.427416259391551    -101.07511405117174    -2.956155549913743    -70.55488373200652    6.874715305828674
0.0068247    18245.0    18245.01876316238    18228.79991373311    -0.9473431912704702    -2.559664805210366    -104.78657363441678    -3.0403780268291065    -72.50720535330107    7.206361432703501
0.0069229    18398.0    18398.019275370105    18381.212241319798    -0.9325808322304733    -2.698904242287444    -108.61894162799061    -3.1269871566744785    -74.51111583560665    7.553118960905803
0.0070225    18551.0    18551.01940378912    18533.60489413564    -0.9153259832175974    -2.845414960523228    -112.58127749239071    -3.216006855255168    -76.56787094769881    7.915562602251592
0.0071236    18704.0    18704.01926044227    18685.976873988548    -0.8953957419178233    -2.999727099900927    -116.68030281246358    -3.3075920346543137    -78.67987690801878    8.294532366003823
0.0072261    18856.0    18856.020022026056    18837.329176715837    -0.8726523251965044    -3.1620202418001226    -120.90962088831301    -3.4017026974399984    -80.84649639778402    8.690383762135001
0.00733    19008.0    19008.020023162797    18988.6602639226    -0.8469034506818779    -3.3326476271079573    -125.27890007360435    -3.498400503915732    -83.06842271357425    9.103674018506439
0.0074355    19160.0    19160.019552374517    19139.968584179893    -0.817912094833076    -3.5123301226359223    -129.79902073844497    -3.5978811623675804    -85.35075001019514    9.535833934879912
0.0075425    19309.0    19309.023284953444    19288.257524967696    -0.7855157393512575    -3.701298484066285    -134.44920901408824    -3.700117064170883    -87.69236182802408    9.987175570886578
0.007651    19460.0    19460.02268191531    19438.520812486695    -0.7494835999610225    -3.8999966090166622    -139.26853002077144    -3.805184118898855    -90.09366493855076    10.45831748484805
0.0077611    19610.0    19610.02286752482    19587.760810045707    -0.7096021968528327    -4.109006300392203    -144.2439750984869    -3.913249257535361    -92.55850620369385    10.950387417412
0.0078728    19759.0    19759.023746977244    19735.976991421652    -0.665619979313197    -4.328788070752697    -149.37703194323714    -4.024305104977385    -95.087741432591    11.464189808506218
0.007986    19908.0    19908.02304985488    19884.168047899435    -0.6173433690916612    -4.559652315430609    -154.67717196704612    -4.138398208452226    -97.6797330901164    11.999875456473982
0.008101    20056.0    20056.023201178534    20031.333034741623    -0.5643834333435138    -4.802705836350454    -160.1513227662544    -4.255836719024698    -100.34254025006028    12.55977061791371
0.0082175    20203.0    20203.023318490792    20177.47303555763    -0.5066375832654616    -5.057757746519385    -165.7929430201261    -4.376386308182187    -103.06994931228039    13.143219920617856
0.0083357    20349.0    20349.023736862455    20322.586362549264    -0.4437292423518138    -5.325918938955398    -171.61189744250257    -4.500347095216204    -105.8677973381734    13.751926965080868
0.0084557    20494.0    20494.024541509585    20466.671846670364    -0.37530572488627323    -5.607798232665605    -177.6182213436976    -4.627835241733532    -108.73928388519995    14.387344431371451
0.0085773    20638.0    20638.025028819477    20609.73005740968    -0.30119920385225213    -5.9037443244254435    -183.80716488458188    -4.758773664514485    -111.68102891068081    15.049200547211102
0.0087008    20782.0    20782.02349240076    20752.757024042796    -0.2209122140177141    -6.214958181584151    -190.20460732798404    -4.893478100022488    -114.70103636151276    15.74019408149505
0.0088259    20924.0    20924.023383256972    20893.757021844107    -0.13430782824052015    -6.541302195334453    -196.7841154599922    -5.031732585745975    -117.79295584355582    16.459343543702126
0.0089529    21064.0    21064.025419532896    21032.727688660143    -0.04084719491250133    -6.884308855296541    -203.56236697547797    -5.173924657417606    -120.96538140165383    17.209539671901826
0.0090818    21204.0    21204.024591700592    21171.665081149255    0.059833090674383596    -7.244576001449383    -210.56288672785453    -5.320143473703029    -124.21914806189726    17.991593175653907
0.0092124    21342.0    21342.02492679745    21308.57322258176    0.16794110112533805    -7.622298408306003    -217.76207928157075    -5.470254053514775    -127.550498418361    18.80537930733153
0.009345    21479.0    21479.024481347064    21444.447801946077    0.28411117599009783    -8.019179996114852    -225.18683211118204    -5.624672256149364    -130.96796534052405    19.653884465358782
0.0094794    21614.0    21614.02504173237    21578.291274981322    0.40856595072703217    -8.435119811619304    -232.82348564631164    -5.783190716368275    -134.46758766211926    20.53640012790053
0.0096158    21748.0    21748.02420201267    21711.09988711266    0.5419017242007098    -8.871979181034078    -240.69710167282452    -5.946265881988882    -138.05549265387498    21.456059441969817
0.0097542    21879.0    21879.027217806633    21840.876792970485    0.6845701564178173    -9.330329606593931    -248.78802945970497    -6.113815742497578    -141.73301722560637    22.41336521588764
0.0098945    22010.0    22010.025051287153    21970.61628494398    0.8369099695251475    -9.810585273995411    -257.1307307566623    -6.285878362661255    -145.49793561542643    23.40908677581538
0.010037    22138.0    22138.02678319239    22097.321493726427    0.999733439764359    -10.315018248611587    -265.7097437806061    -6.462939432627194    -149.36073554508113    24.446390333934463
0.010181    22265.0    22265.024300341553    22222.99292631045    1.172709618066679    -10.841929493718226    -274.5182868809307    -6.644182140076042    -153.30228297717386    25.521371541886076
0.010328    22389.0    22389.02740133386    22345.623062092123    1.3581480827863723    -11.397517092435743    -283.61248292658007    -6.83158205123278    -157.36502820327942    26.646205182408295
0.010476    22512.0    22512.024079293766    22467.22202035372    1.5540612367868847    -11.975713382238299    -292.91860700584164    -7.022680262431635    -161.49475886246424    27.80734399339047
0.010627    22632.0    22632.02573326757    22585.778420628973    1.7636100435491389    -12.584896609070361    -302.52083894217884    -7.220176478897674    -165.7482777784751    29.021287549193868
0.01078    22750.0    22750.026054273585    22702.29718154387    1.9860487354833027    -13.22254526209836    -312.37921012211365    -7.422907743480373    -170.09865451182307    30.281494087198638
0.010935    22866.0    22866.024549863243    22816.777740633846    2.221960195318999    -13.889381393503772    -322.5092896079194    -7.63088557610544    -174.54720417882044    31.589282038116313
0.011092    22979.0    22979.024355935147    22928.22207907157    2.4718925436316606    -14.586850622651923    -332.8902967161618    -7.844289611712734    -179.09444496732382    32.94573921838549
0.011252    23090.0    23090.023995202286    23037.619005650657    2.738127629592264    -15.320464290405255    -343.60000555469514    -8.0645277194708    -183.77062307683696    34.36124973360089
0.011414    23199.0    23199.020203760403    23144.976113869136    3.019668295971011    -16.0870620036546    -354.58583840551836    -8.290359191030964    -188.5475212928242    35.82754347677237
0.011578    23304.0    23304.020293286103    23248.29840117493    3.3171795920607945    -16.887334377587965    -365.8238294293335    -8.521928881007957    -193.4254662781046    37.347307907681696
0.011745    23407.0    23407.018442580214    23349.571486771507    3.6331905074098287    -17.7285542283527    -377.40349688974686    -8.760735585772352    -198.43896370001747    38.931107379181135
0.011914    23507.0    23507.01552615864    23447.8062891725    3.9665004952080474    -18.605807991653567    -389.25799564078227    -9.005393880405514    -203.55452777121488    40.56998460539796
0.012085    23604.0    23604.011035907133    23543.00267276039    4.318000417762372    -19.521695821592925    -401.38631090892335    -9.256262104556463    -208.7746854879177    42.26570951455115
0.012259    23698.0    23698.006757721952    23635.151378403134    4.690307211998904    -20.48146587927793    -413.8554999647461    -9.51465255015861    -214.1307620891803    44.02976541893915
0.012435    23789.0    23788.999632657833    23724.260999706872    5.082189902708695    -21.48365620467549    -426.6061067662427    -9.779345710413613    -219.59356819724704    45.853428176034726
0.012614    23874.0    23874.005479846015    23807.33207487154    5.496667208527598    -22.532701665747187    -439.6492963213026    -10.05188724817867    -225.1951526020062    47.74823112776557
0.012796    23959.0    23958.995253577148    23890.34467607105    5.934646659590814    -23.631530909205686    -453.1011020827922    -10.332504653990927    -230.9322027743623    49.71636732410372
0.01298    24039.0    24038.98978020003    23968.324434657872    6.3946341807322735    -24.77588980664644    -466.8019653901912    -10.619811828796973    -236.780899687616    51.74877211440289
0.013167    24117.0    24116.97552560157    24044.251603130535    6.8800743479880255    -25.97328752692935    -480.88180666050533    -10.915499825944906    -242.77015209400315    53.857371888898996
0.013356    24190.0    24189.964929836173    24115.14627829054    7.389208733044649    -27.219050123209904    -495.2183472906322    -11.218048833384389    -248.87213897950622    56.03278475871368
0.013548    24260.0    24259.94877849298    24182.991755033323    7.925560101370652    -28.521111879002703    -509.9113898532223    -11.529207766011137    -255.11558428305815    58.28754980287672
0.013743    24326.0    24325.931366967874    24246.79155127057    8.49026432971199    -29.88176856246558    -524.9528722983464    -11.849141261115438    -261.50074900467285    60.623770591776946
0.013941    24388.0    24387.91173185781    24306.54586572768    9.084394723599033    -31.302795679834265    -540.3401116034717    -12.178101552144762    -268.03026757945713    63.04294652934935
0.014142    24446.0    24445.888826719904    24362.254791334457    9.709043047673003    -32.78589694449474    -556.0771669343633    -12.516175264658774    -274.705351507503    65.54691394532692
0.014345    24500.0    24499.860104170046    24413.929035561934    10.36205905683482    -34.32684410699412    -572.0892096147458    -12.86185615999949    -281.494639618002    68.12404713238598
0.014552    24550.0    24549.82729429936    24461.54815467391    11.050946531140344    -35.9411127434368    -588.5224430022912    -13.218723844991752    -288.4624800412813    70.80294531377781
0.014761    24595.0    24594.792917569255    24504.137992335505    11.770161223500882    -37.61551065803754    -605.2083393360253    -13.583429401961522    -295.544048314359    73.55662907234591
0.014973    24636.0    24635.75088219946    24542.68416238274    12.524399547189645    -39.359882558251606    -622.2411874264282    -13.95795498073757    -302.7746011445538    76.40152202088616
0.015189    24673.0    24672.700602789388    24577.176466163717    13.31813597805229    -41.18561998474553    -639.6989597789991    -14.344157649873058    -310.1866529374825    79.35252587512325
0.015407    24705.0    24704.64578014223    24606.64203688649    14.14547237613851    -43.077123198876166    -657.4045753112082    -14.73880620111893    -317.71275340426035    82.38368083038479
0.015629    24732.0    24731.586923573366    24631.059935123936    15.015081932655004    -45.05318880149818    -675.5046890145642    -15.145556402440974    -325.4215270000131    85.52362971553126
0.015854    24754.0    24753.52218137192    24650.442291384275    15.924514247692017    -47.10902290160965    -693.9203241607968    -15.562846344218439    -333.2792850626772    88.76127003561713
0.016082    24772.0    24771.442655858904    24665.785092400172    16.874592000754383    -49.244904766456045    -712.6774575215676    -15.990872464409847    -341.2866565826426    92.09654692306232
0.016313    24784.0    24783.362635774873    24675.10016480437    17.86679168231502    -51.46412558240178    -731.7162236855837    -16.429752809808353    -349.4433914347391    95.5311919447569
0.016548    24792.0    24791.26484674402    24680.36667287576    18.90680648890184    -53.777852454261144    -751.1658928089383    -16.88166535211451    -357.78406752194525    99.08198013136153
0.016786    24794.0    24793.164153086967    24679.60872075546    19.991412521267026    -56.179226856733194    -770.8823658322078    -17.34483955876087    -366.2734651113404    102.73439457530573
0.017028    24791.0    24790.050729585688    24673.81086109849    21.126520354005617    -58.6802957712943    -790.9833149702444    -17.821440357226336    -374.94840971526776    106.50594851344351
0.017273    24783.0    24781.923667910534    24662.986333622943    22.309087882550767    -61.27329514458546    -811.3678386752658    -18.310017298326375    -383.7715200638114    110.38139086389721
0.017521    24771.0    24769.772656174133    24648.13087411394    23.540393491590542    -63.95961515069909    -832.0656770387367    -18.810303133792708    -392.7440547454899    114.36326883383244
0.017773    24752.0    24750.622640191825    24626.253506480996    24.826148581112406    -66.75269170955414    -853.0552646067808    -19.324940119118896    -401.8999941391912    118.46628042856075
0.018029    24728.0    24726.45402357482    24599.344232935033    26.168261874561352    -69.65667030011684    -874.3941198372264    -19.85371736128359    -411.2387892889093    122.69471228601735
0.018288    24697.0    24695.286946578675    24565.43075605539    27.562484253215022    -72.65992563279725    -895.9174253484013    -20.395293221582655    -420.72436008457817    127.03027524047245
0.018552    24662.0    24660.087014571534    24527.471333563164    29.02175296467299    -75.78912180309936    -917.8957874280777    -20.95383888187743    -430.43177391363344    131.50920002084524
0.018818    24620.0    24617.890171096646    24482.526153759947    30.530380020789565    -79.01160584647039    -939.9448467703897    -21.52345923924341    -440.2454030903713    136.08081416602442
0.019089    24573.0    24570.668346701514    24432.547688140043    32.10652617003385    -82.36528617645669    -962.3920677558389    -22.11043809320316    -450.2774978523301    140.79775035474836
0.019364    24520.0    24517.433680995313    24376.558483043445    33.74620546363166    -85.83901532137243    -985.1027870933926    -22.71328309652461    -460.4898196301056    145.6434321585816
0.019643    24461.0    24458.186028837015    24314.562235792586    35.45108378495978    -89.43770443925153    -1008.0512893853796    -23.33204365367935    -470.88161198677693    150.61820394845918
0.019925    24396.0    24392.929276868967    24246.575466812646    37.21575915955179    -93.14788971713946    -1031.1390584001433    -23.96490357910485    -481.4147418982051    155.70517880263967
0.020212    24325.0    24321.656635330757    24172.577314517875    39.05444152150994    -96.99891770999855    -1054.6070191846143    -24.616536516237893    -492.1620896941813    160.94076564221353
0.020503    24248.0    24244.37228420935    24092.58459094894    40.962023094211865    -100.98076871932285    -1078.1346037438193    -25.2851596675709    -503.0850371670962    166.3064572660074
0.020798    24166.0    24162.06444413277    24007.592555546016    42.93974469629863    -105.09402946971478    -1101.952170630313    -25.970728020818417    -514.1818738694611    171.80459554148356
0.021097    24077.0    24072.759988329926    23915.624097240867    44.988879551569546    -109.34091086498118    -1125.884452753409    -26.67377137966174    -525.4512647184433    177.43293206157827
0.0214    23982.0    23977.448330337767    23817.675070928148    47.111065831124556    -113.72325443870278    -1149.953626362052    -27.39449819144471    -536.8906807082454    183.19226782952754
0.021708    23881.0    23876.126152898916    23713.738367832215    49.31411866013937    -118.25637560932593    -1174.2440331679734    -28.135674937750558    -548.5375661104913    189.10227003787494
0.022021    23775.0    23769.780812853354    23604.80951320943    51.59943569372626    -122.94433707636937    -1198.7728144175376    -28.897567597736614    -560.3898855682065    195.1627975425219
0.022338    23662.0    23656.449645072862    23488.926395065402    53.96129246861032    -127.77290754632655    -1223.3237507383226    -29.67845096539766    -572.4056978777247    201.35418333226093
0.022659    23543.0    23537.122636029053    23367.085855638183    56.40059581171219    -132.74278349203485    -1247.9260665261436    -30.4781652662126    -584.584682546221    207.67697067925354
0.022985    23418.0    23411.79726903046    23239.278736221993    58.92542755446062    -137.86903537567434    -1272.6352904913244    -31.299466814731222    -596.961007637886    214.14690169084173
0.023316    23288.0    23281.4615910133    23106.505412401337    61.53770110038643    -143.1578881020709    -1297.5055872827759    -32.14321884199795    -609.536057317012    220.76904787147973
0.023651    23151.0    23144.160120378085    22966.80487356687    64.22946848834256    -148.59040529715844    -1322.295100712344    -33.006920774279656    -622.2650865944042    227.51928630030181
0.023991    23010.0    23002.841434585564    22823.13762046171    67.0113924343476    -154.18851802609618    -1347.2111445605244    -33.893434760690816    -635.1871244951432    234.4205859886264
0.024337    22862.0    22854.553236549964    22672.532726163423    69.89003430933859    -159.96227246819    -1372.1904778903624    -34.80595357261421    -648.330533881228    241.4851322914652
0.024687    22709.0    22701.284347800334    22516.998836436655    72.85176442766905    -165.88469317006474    -1397.1068642239882    -35.73990501649144    -661.6229148301387    248.67717752040377
0.025042    22550.0    22542.05153664339    22355.545519632953    75.90451248989014    -171.96589059336074    -1421.9602075765547    -36.69759521462379    -675.096912609997    256.01120484024324
0.025402    22386.0    22377.844064738903    22189.16535566794    79.05018751393305    -178.21421432638266    -1446.8019720550785    -37.68006483831209    -688.7487625833435    263.495749820869
0.025768    22217.0    22208.660143009096    22017.855023437172    82.29578759352684    -184.65573155545636    -1471.6906720616473    -38.690068043620066    -702.6168673977189    271.13932616456805
0.026139    22043.0    22034.51713018122    21841.635056535317    85.63576714391239    -191.25282815685765    -1496.4578313879056    -39.72562617178898    -716.6541888580646    278.92874075532075
0.026515    21864.0    21855.424313214775    21660.51564333624    89.06984183177256    -198.01645375278056    -1521.111976204538    -40.78657111121622    -730.8612604342926    286.8572118180002
0.026896    21680.0    21671.391502279934    21474.502523333133    92.595835520754    -204.94289704314298    -1545.6065882115154    -41.874149021592864    -745.2327357674561    294.92554898118306
0.027283    21491.0    21482.41871668523    21283.59329419463    96.22585199900446    -212.0548105551159    -1570.010242312102    -42.990922116457014    -759.8029048338666    303.1493891017803
0.027676    21298.0    21289.493973723038    21088.78281011635    99.9581976309216    -219.34571932013958    -1594.3417734602665    -44.13781399266489    -774.5688374578289    311.5319616489832
0.028074    21101.0    21092.63797436549    20890.09309518137    103.785375228606    -226.79869508853457    -1618.4835263020916    -45.31188640765538    -789.4874766200535    320.0482403679829
0.028478    20899.0    20890.874370164114    20686.534819944587    107.71610187663859    -234.43349471450972    -1642.408239886274    -46.517176134096964    -804.5945720854481    328.7184660830517
0.028888    20694.0    20686.166644223274    20480.085255872447    111.74875339064832    -242.24521519671302    -1666.2348815139098    -47.7540416334459    -819.8794007865984    337.5380394383403
0.029303    20485.0    20477.561754904924    20269.783659944384    115.87514487181892    -250.2145606947675    -1689.7558197501392    -49.019727449882105    -835.3093849787994    346.48756683250673
0.029725    20273.0    20266.02260639338    20056.59593068882    120.11366895520203    -258.37804895840674    -1713.2015159643126    -50.320687147603536    -850.9498116618151    355.6070734096822
0.030152    20057.0    20050.610640400686    19839.5743990528    124.4460672647355    -266.7025826386959    -1736.2637920771965    -51.65124433945822    -866.7285400393909    364.85742138058146
0.030586    19839.0    19833.260320900914    19620.667530569    128.88722251524206    -275.2069333960943    -1759.2641090758013    -53.01894637959181    -882.6973268499065    374.2591881624305
0.031026    19618.0    19613.021794733348    19398.914342569504    133.43035427194033    -283.88451698046754    -1781.9838216695248    -54.42047693068465    -898.8309089579942    383.8096977174598
0.031473    19394.0    19389.895189276926    19174.313642298912    138.0830938525841    -292.74883984741484    -1804.4792559071948    -55.859203847301245    -915.1593376303327    393.52264088056677
0.031926    19169.0    19165.845945511453    18948.84333396166    142.83541522584224    -301.7829805689569    -1826.8003778356465    -57.33345221851478    -931.6364409336875    403.3736317219246
0.032385    18941.0    18938.944696819413    18720.557380915794    147.68642896614264    -310.97299716888966    -1848.729758538818    -58.84317162030221    -948.2630852029378    413.3618502285129
0.032851    18712.0    18711.129352753975    18491.406196775413    152.64408400442693    -320.34096794746966    -1870.5133289706935    -60.39243734970913    -965.06341791428    423.50321147202453
0.033324    18482.0    18482.408919655612    18261.398635195314    157.709693163396    -329.88998357847794    -1892.108959396767    -61.98155144128003    -982.0350637970026    433.8021677389806
0.033803    18251.0    18252.806403536048    18030.55449544774    162.8696715616409    -339.59067595664266    -1913.403145032679    -63.60764527042888    -999.1379717917964    444.2296358089407
0.03429    18020.0    18023.270924630182    17799.83240680764    168.14400676091472    -349.47943057330497    -1934.6628580732106    -65.27832587983274    -1016.4442780845148    454.82941448918706
0.034783    17788.0    17792.87185882624    17568.28834830909    173.51066750556865    -359.5194486194278    -1955.5541232825233    -66.98737550775175    -1033.8693911438627    465.56045143622947
0.035283    17557.0    17563.533502009024    17337.864611435958    178.98042698260522    -369.7194243992695    -1976.3443862313645    -68.73924423781361    -1051.4248671846121    476.4239822372483
0.035791    17325.0    17333.322504028936    17106.61120929228    184.56303029283438    -380.10546821549065    -1996.899878234887    -70.53584218408479    -1069.2038702726445    487.47643330597145
0.036306    17095.0    17105.147165253384    16877.461538897438    190.24226523742982    -390.6441791636349    -2017.4225030961077    -72.3771846570742    -1087.0866178092037    498.65722159749805
0.036828    16865.0    16877.0893607039    16648.475933354213    196.02229452539564    -401.3415155885327    -2037.6726615692573    -74.26243326850859    -1105.1251091892586    509.9891920674926
0.037358    16637.0    16651.061534935885    16421.59297735094    201.90998081856625    -412.2097403632929    -2057.9479533708254    -76.19563895788075    -1123.3237396954169    521.4802575982518
0.037896    16410.0    16426.107491336552    16195.84208873335    207.8996137512775    -423.24557598048705    -2078.104023445451    -78.17832359343586    -1141.6694591064036    533.1234856075033
0.038441    16186.0    16204.159440178812    15973.176355882923    213.994765111012    -434.43224261815476    -2098.2883921904645    -80.20620204605653    -1160.1504125898844    544.9265929787354
0.038994    15963.0    15983.290479118043    15751.650215497888    220.18987438715004    -445.78314135687145    -2118.3191047277032    -82.28480954178497    -1178.7647891768568    556.8727376250645
0.039555    15743.0    15765.413971078873    15533.200380954304    226.49048618447458    -457.29591869127233    -2138.4205816113495    -84.4135983478832    -1197.5186909559936    568.9804960467709
0.040124    15526.0    15550.527200415878    15317.826684834181    232.89337530872731    -468.97129860225186    -2158.639974456402    -86.59470411705777    -1216.4131489139654    581.2452992815478
0.040702    15312.0    15338.612954567    15105.517144224308    239.4134018879362    -480.82796674598114    -2179.078044295344    -88.83118474914622    -1235.4685711719972    593.6901192536595
0.041287    15102.0    15130.646216247387    14897.253481758855    246.02242057937272    -492.81328800040353    -2199.4748118532784    -91.11682496399588    -1254.5989359028351    606.2560542468728
0.041881    14895.0    14925.641877941285    14692.049204246068    252.74863678685955    -504.99079970016345    -2220.1095395037823    -93.45860924947138    -1273.9003640535036    619.0130208900307
0.042484    14692.0    14724.542834937145    14490.86367658245    259.5858227761915    -517.3350257358959    -2241.031938867057    -95.85924189747676    -1293.3283774044198    631.9346374370191
0.043095    14493.0    14527.354244557058    14293.701977671197    266.5289979575278    -529.839715914211    -2262.163197391513    -98.31438635906423    -1312.8584245226941    645.0129944331374
0.043715    14299.0    14334.995791991765    14101.507213741535    273.5844020206244    -542.5156147086536    -2283.7583044542653    -100.82770416733779    -1332.521305436386    658.2534681513218
0.044344    14109.0    14146.510830439489    13913.305137295623    280.7555224668708    -555.3760467154609    -2305.6547770017437    -103.4010446761365    -1352.2862311490003    671.6686490057003
0.044982    13923.0    13961.886616671825    13729.10300693508    288.0465516818387    -568.4230568996339    -2327.8805097891313    -106.0345302796792    -1372.1885574489734    685.2530099976667
0.045629    13743.0    13782.990664520396    13550.79667872227    295.4533566060602    -581.6428513240336    -2350.732252538332    -108.72979139220335    -1392.2039879801737    698.9999343013495
0.046286    13567.0    13607.909327430685    13376.469105942864    302.99255739274906    -595.0606678331665    -2374.0260383542045    -111.48946093292287    -1412.2726685871892    712.9234210212668
0.046952    13396.0    13437.579863363308    13207.047951764735    310.6530480871403    -608.6766119926655    -2397.812522462704    -114.31205555584877    -1432.5107411741087    727.0336721727343
0.047628    13230.0    13271.967043701088    13042.527742298931    318.44287610389347    -622.4696021950521    -2422.229935408772    -117.20137087449295    -1452.8058292398744    741.2992762821569
0.048313    13069.0    13111.065268760309    12882.904283093481    326.37576674107504    -636.489667689887    -2447.2186723465566    -120.15381333482298    -1473.204680148543    755.7515568765376
0.049008    12913.0    12954.836878670008    12728.150520829646    334.43859645896055    -650.7182027564216    -2472.857141780689    -123.17483900820757    -1493.6713234304077    770.3620082022555
0.049713    12761.0    12802.329809743886    12577.318687270807    342.6481490746763    -665.1494471033142    -2499.003455451092    -126.26482721398213    -1514.2221133117687    785.137432977399
0.050428    12615.0    12655.37875098081    12432.276668184224    350.99972737340363    -679.8359841836723    -2526.0267246623644    -129.42305987400414    -1534.84394926351    800.1234466933851
0.051154    12473.0    12512.086391715626    12291.114673771617    359.51783153632783    -694.7644898602865    -2553.677609928126    -132.65860415566536    -1555.5166118058141    815.2185895558118
0.05189    12336.0    12373.370541803017    12154.772162586587    368.1917351304859    -709.9267960989692    -2582.0505444192067    -135.96154434404508    -1576.2799640248638    830.4874801061629
0.052637    12204.0    12239.186351286131    12023.219861816739    377.03742900739013    -725.3528809025006    -2611.281593025033    -139.34000841230784    -1597.1333254433996    845.947274717721
0.053394    12076.0    12108.602893877222    11895.517127544745    386.0388286018249    -741.0256349447599    -2641.110413875827    -142.78919841429772    -1617.9484309485845    861.5301711855392
0.054162    11951.0    11980.66318607381    11770.707590531496    395.22193469259213    -756.9559146781204    -2671.420651726376    -146.31578550965756    -1638.8285532732905    877.279693561244
0.054941    11830.0    11856.262326694816    11649.715590506794    404.5850815850689    -773.1838361554018    -2702.4251795863597    -149.9185073446715    -1659.7292743031076    893.1742864734249
0.055732    11713.0    11735.356031643334    11532.514709290277    414.1458776451497    -789.710439452998    -2734.2205431851085    -153.60307313798552    -1680.6652213177454    909.2240490048764
0.056534    11598.0    11616.117744816243    11417.246308754093    423.89495529694756    -806.5362186617331    -2766.3137470431047    -157.36571889626052    -1701.5885403424222    925.3970227752498
0.057347    11486.0    11499.438572815374    11304.832632104824    433.8385766480503    -823.5812726635107    -2798.914314981492    -161.2056151210106    -1722.5010851207833    941.689701751199
0.058172    11376.0    11384.376637359492    11194.328257997178    443.9846270521969    -841.0038923798594    -2831.8760809065025    -165.13009648602855    -1743.372111203449    958.0895049933555
0.059009    11268.0    11270.916543248259    11085.732074077636    454.3466424286712    -858.7939777496671    -2865.1960748228453    -169.13836545209662    -1764.2643707760485    974.6075752769478
0.059858    11161.0    11158.144553897344    10978.114877484524    464.9014809233391    -876.8249372261246    -2898.612903402494    -173.23104079997674    -1785.0751986867456    991.2063290091311
0.06072    11054.0    11045.1385588782    10870.554702217336    475.7029685883259    -895.2355338891981    -2931.9660395176343    -177.410038932086    -1805.851780608651    1007.9140441964962
0.061593    10948.0    10932.832162899384    10763.999144321087    486.69935995806696    -913.9232480402657    -2965.3142673397197    -181.6695927639047    -1826.532234812581    1024.6629860206933
0.06248    10841.0    10819.3788273654    10656.584234525568    497.9176861010109    -932.9466227670458    -2998.3415805929435    -186.02536957580173    -1847.1377391985334    1041.4788970825741
0.063379    10733.0    10704.830013738054    10548.352333555253    509.36106193869364    -952.2878002405323    -3030.8640664857603    -190.4651353684513    -1867.646882760857    1058.327682443662
0.06429    10624.0    10589.198031010803    10439.320832966683    521.0017885886051    -971.9182993097078    -3062.833446500728    -194.99126011491936    -1887.9999724776649    1075.173594070048
0.065215    10513.0    10471.573857152896    10328.574012163876    532.8692072731948    -991.8753576772735    -3094.0843897062214    -199.6128777591621    -1908.2663814801297    1092.049500416729
0.066154    10399.0    10351.103094200671    10215.240697897025    544.9530060547553    -1012.1324713239397    -3124.255885355292    -204.3288459878818    -1928.3756932811523    1108.9207951123515
0.067106    10282.0    10227.8423915083    10099.36005621977    557.233253629138    -1032.6778996722126    -3153.217959205154    -209.13777059257006    -1948.3062449457534    1125.7447434546407
0.068071    10161.0    10100.959047477549    9980.074939336058    569.7046777601965    -1053.4703515512124    -3180.6319446538173    -214.0359245927304    -1968.054694772901    1142.5174817330603
0.069051    10036.0    9970.458511309844    9857.400745617699    582.3771153475363    -1074.538679931533    -3206.5059935284635    -219.0355490854486    -1987.6298909524792    1159.2348661991937
0.070044    9907.4    9836.783332242212    9731.761197515794    595.2086460332802    -1095.8035497949995    -3230.715348900861    -224.1262897963461    -2006.929166544331    1175.8404189996945
0.071052    9773.5    9698.47847502551    9601.666680297678    608.2107424755501    -1117.2757150849168    -3252.824302210233    -229.31993268410153    -2026.02599394554    1192.3476161919864
0.072074    9634.5    9555.810510505433    9467.366562762414    621.3698324792502    -1138.9494700172686    -3272.7077449765316    -234.60814956349634    -2044.9687720942902    1208.753613278521
0.073111    9490.4    9408.831074813048    9328.906567872345    634.65580358679    -1160.75246657    -3290.2905544896803    -239.9956207865299    -2063.5587207636213    1225.003195858249
0.074163    9340.8    9257.279076204535    9185.992648002897    648.0569201101121    -1182.6851511720074    -3305.3471818194766    -245.48712184875953    -2081.8977173447365    1241.0898949477607
0.07523    9185.9    9101.410249997034    9038.863686013485    661.5546823054269    -1204.6875084413311    -3317.8160254388827    -251.07508008463012    -2099.9578751611784    1257.0023993045522
0.076313    9025.7    8941.290038390409    8887.573639092217    675.1141185218977    -1226.7107289140972    -3327.6100317046794    -256.7734106418335    -2117.691276088347    1272.711058853363
0.077411    8860.2    8777.03444403564    8732.200541337277    688.7436782426769    -1248.7932202500017    -3334.570657010809    -262.56517157360986    -2135.1948947890464    1288.2422156413174
0.078524    8689.9    8609.156549342759    8573.239335193733    702.3772210721278    -1270.7658068506084    -3338.717737882404    -268.4599806182251    -2152.296634414134    1303.5084485510213
0.079654    8515.0    8437.870047692539    8410.903016497876    716.0192685809432    -1292.68599246084    -3340.1143007365918    -274.4634009657632    -2169.0979798863696    1318.5633921527287
0.0808    8336.1    8263.788167524945    8245.784823697413    729.6352949342478    -1314.4807800469966    -3338.812895686482    -280.5720634405263    -2185.5614592775187    1333.3692289419641
0.081963    8153.7    8087.389012982067    8078.3485541183    743.2075813804347    -1336.1108420960056    -3334.90342770781    -286.7856068925865    -2201.678707851401    1347.9379996194532
0.083142    7968.4    7909.272536452508    7909.163558220084    756.6958912449882    -1357.5209352473316    -3328.4567277192523    -293.1030279591371    -2217.4548512522315    1362.2407472872037
0.084339    7781.1    7730.204339063845    7739.015212108776    770.0781586689333    -1378.6727856215682    -3319.7860494327992    -299.5327379154329    -2232.86593717772    1376.2776822240157
0.085552    7592.4    7550.785647012435    7568.47274309426    783.3400972921625    -1399.5513513434444    -3308.9599987843735    -306.0594818158434    -2247.9152785352708    1390.0496673700925
0.086783    7403.5    7371.9964423270685    7398.534970859299    796.443344196773    -1420.0890121236969    -3296.427644589482    -312.6976850679793    -2262.6049548854376    1403.5455902031729
0.088032    7215.1    7194.4432592999465    7229.802796949997    809.398035023241    -1440.3135841250494    -3282.404723775776    -319.4407928528697    -2276.9500554297074    1416.807120761235
0.089298    7028.2    7018.977306827142    7063.112826936543    822.1481159338318    -1460.1206197844288    -3267.201658311856    -326.28722958446775    -2290.9391145942377    1429.7990690044821
0.090583    6843.6    6846.206878120181    6899.103614824993    834.6941382818356    -1479.5155404889147    -3251.119184587362    -333.2433480254389    -2304.5505384647645    1442.5199739478385
0.091886    6662.5    6677.099312580772    6738.736556644399    847.0172206306238    -1498.5065935392263    -3234.6389627713525    -340.305409669312    -2317.781028496976    1454.984609268611
0.093209    6485.6    6512.144624520969    6582.538281445858    859.1542577640466    -1517.095570297987    -3218.1393288958934    -347.47862492333115    -2330.727835118137    1467.241626390366
0.09455    6313.9    6352.130253251058    6431.285105107495    870.9893296648403    -1535.1869487013068    -3201.885530963323    -354.75469075504543    -2343.2889551292915    1479.2318249375057
0.09591    6148.2    6197.602486816014    6285.551842396309    882.6423258661699    -1552.9129680333217    -3186.3309029964503    -362.1311998702187    -2355.54675760673    1491.0535627615359
0.09729    5989.2    6049.0112289147555    6145.814629843711    894.0408610937855    -1570.134045826189    -3171.8347185778275    -369.61695540131365    -2367.423023101374    1502.620667859965
0.09869    5837.6    5906.806941753946    6012.550390834956    905.174128772326    -1586.9513552846063    -3158.7384770842914    -377.2056014401485    -2378.9870993341406    1514.0216657222686
0.10011    5693.9    5771.270468619731    5886.054395309295    916.1735514209888    -1603.417017391308    -3147.3267653621724    -384.9108020158508    -2390.144000362243    1525.1500373364654
0.10155    5558.4    5642.51813093895    5766.4733362486195    926.9686952608193    -1619.5401018845894    -3137.8020863747843    -392.68993142193057    -2401.124145264445    1536.192490581301
0.10301    5431.4    5520.6540420717165    5653.926571865023    937.5434070558982    -1635.285410987527    -3130.357386661498    -400.5445003589573    -2411.6405955670234    1546.9959068721132
0.10449    5313.2    5405.768797825677    5548.541867053625    947.9812447902187    -1650.744845070864    -3125.243509912938    -408.57980320786714    -2421.8793232418725    1557.6300443314149
0.106    5203.6    5297.385884327922    5449.954186531687    958.3271159170026    -1666.0533037648327    -3122.7402820759594    -416.71431304893605    -2431.8651223336765    1568.1861880873757
0.10752    5102.5    5195.689513571701    5358.181664477133    968.4796192611882    -1681.0139852938028    -3122.264919238132    -424.8932063578429    -2441.412687011997    1578.466614938746
0.10907    5009.4    5099.794547850189    5272.53411968045    978.6208048341466    -1695.91009996823    -3124.334899294728    -433.2124527348333    -2450.696284856938    1588.650711477509
0.11064    4924.0    5009.55232658364    5192.794126204925    988.6896522029886    -1710.6678981938503    -3128.54806890561    -441.6198753676835    -2459.6361453167115    1598.6584218654461
0.11223    4845.6    4924.3473243019835    5118.367567247104    998.7110821029689    -1725.310406814997    -3134.697247515231    -450.11475292020793    -2468.211260828881    1608.4621883786244
0.11385    4773.3    4843.2479915321555    5048.395049845389    1008.7754180699328    -1739.9934465700574    -3142.657049240114    -458.74396534769824    -2476.482235619342    1618.1464735369238
0.11548    4706.4    4766.068838831897    4982.535896316611    1018.7921078701431    -1754.5416775285657    -3151.6718118563604    -467.4027595428821    -2484.3000739172203    1627.5374732521343
0.11714    4643.7    4691.525016502856    4919.6565092157    1028.8839327992464    -1769.191186734639    -3161.722028285801    -476.1927127702962    -2491.7990205856686    1636.7708845655166
0.11883    4584.2    4618.888983206409    4859.027541662959    1039.071942949179    -1783.9333924602545    -3172.350783832415    -485.114364624632    -2498.9367289644597    1645.8070344750472
0.12054    4526.6    4547.467203536799    4799.837336022943    1049.3389776066574    -1798.7476862112878    -3182.745067791827    -494.10169535999165    -2505.715734334583    1654.5549507086553
0.12227    4469.7    4476.474555987494    4741.284613800711    1059.5947138393076    -1813.5210958537366    -3192.3550289817695    -503.17302864835443    -2511.9581530362884    1663.093129818204
0.12403    4412.1    4404.838258161641    4682.340242267113    1069.9628167288529    -1828.5343253451115    -3200.7125327196345    -512.3600810686243    -2517.8320561218907    1671.3118966724824
0.12582    4352.7    4331.918646834319    4622.323256776015    1080.431205173043    -1843.3987311991962    -3207.2682039099204    -521.6719121569538    -2523.3241980008447    1679.287510992045
0.12763    4290.6    4257.437881303255    4560.827666961117    1090.8797173412054    -1858.2934998473174    -3211.3626963122956    -531.0512912423527    -2528.241820357929    1686.8428600032125
0.12947    4224.7    4180.631564804063    4497.143539108345    1101.3861468951445    -1873.2232304569472    -3212.650967169157    -540.5420625670996    -2532.7793065363403    1694.108098318639
0.13133    4154.4    4101.473113770987    4431.0881781687885    1111.8135888710967    -1887.9610728165237    -3210.6226530610925    -550.1003257790355    -2536.7702239679047    1700.9372328158483
0.13322    4079.0    4019.5044902307864    4362.23936266481    1122.2133340893486    -1902.5927610422932    -3205.07663939938    -559.7609274467546    -2540.30231821898    1707.424398299643
0.13513    3998.1    3934.8656762064625    4290.607638381671    1132.469975755681    -1916.9453450091003    -3195.6220503565955    -569.4843659760614    -2543.2977851863193    1713.474573683886
0.13708    3911.7    3847.3557728998558    4216.093228054695    1142.6468456153546    -1931.0810254917105    -3182.5910459556426    -579.3640077979188    -2545.819089703847    1719.1239349423095
0.13905    3819.9    3757.615540673295    4139.132069155982    1152.586325387352    -1944.7828386304739    -3165.6504882061663    -589.2917299916971    -2547.8361104828505    1724.345459374765
0.14105    3723.4    3666.0323719617795    4060.138191584908    1162.2708579880075    -1958.0256697221841    -3145.278148025722    -599.3270601235248    -2549.252149322287    1729.0801187568536
0.14308    3622.8    3573.1124865188026    3979.6098061643233    1171.6873953837971    -1970.7880225875322    -3121.808921069346    -609.441254697586    -2550.263811117699    1733.4716631162871
0.14514    3519.1    3479.5549985032967    3898.1812229355482    1180.7846730455854    -1982.9264888297623    -3095.668328395203    -619.6545808621436    -2550.7293353380664    1737.4039591296305
0.14723    3413.8    3386.2839433160525    3816.769885309841    1189.4717961934455    -1994.4733897075378    -3067.6479225297294    -629.9650505987956    -2550.636187509842    1740.8567053161023
0.14935    3307.9    3293.9098608119607    3735.9788844259565    1197.768969369152    -2005.235558629356    -3038.2285232787044    -640.3551283569044    -2550.1099830216044    1743.9167388435346
0.1515    3202.8    3203.20520633931    3656.5594050722525    1205.6325425553096    -2015.298332214611    -3008.0722046475285    -650.8219461231588    -2549.005766557692    1746.563956864368
0.15367    3099.9    3115.0546433476484    3579.349970504075    1213.0615808967207    -2024.682665954895    -2977.889737453531    -661.3084908786036    -2547.60125113142    1748.8762938009631
0.15589    3000.5    3029.5636480372877    3504.642137167984    1220.0973422984803    -2033.3557004120717    -2948.497910350946    -671.9689098808888    -2545.626363476423    1750.7684493413612
0.15813    2905.8    2947.7455158420084    3433.2898665181674    1226.6597951166714    -2041.2838763943648    -2920.2420099240567    -682.6549608741037    -2543.1943610113226    1752.3065817711883
0.1604    2816.8    2869.795751147223    3365.590959068762    1232.812272367894    -2048.5297310464493    -2893.7763027609435    -693.3856287194303    -2540.3908058595225    1753.5106374628488
0.16271    2734.2    2795.748372269182    3301.642236503304    1238.613789200529    -2055.1927764440616    -2869.418867211641    -704.2245192184122    -2537.1518516141523    1754.3973594037097
0.16505    2658.7    2725.913619647602    3241.7401751505695    1244.018110753254    -2061.1897674516713    -2847.436564765665    -715.1286673376914    -2533.44171409311    1754.9203078909452
0.16743    2590.3    2659.961134575179    3185.6403043535784    1249.162182625045    -2066.796778718985    -2827.8733452276397    -726.1085012820391    -2529.385996687894    1755.202712561452
0.16984    2528.9    2597.820083266761    3133.2465665828636    1253.9945723407034    -2071.8589102168276    -2810.5983108683818    -737.1408947918716    -2524.9124785217005    1755.1639448936282
0.17228    2474.1    2539.142328438389    3084.2534077152363    1258.5935240218964    -2076.5587748251396    -2795.3863447023073    -748.2083656560494    -2520.0775023020515    1754.8541070013614
0.17476    2425.2    2483.330599753872    3038.1409495108637    1263.0023583963382    -2080.9116648205186    -2781.9548253112907    -759.3607892420894    -2514.8122349675227    1754.2248189473285
0.17727    2381.4    2430.0683882850117    2994.54620175805    1267.208528213561    -2084.9701186582206    -2769.8285304289625    -770.5534180917051    -2509.125641784427    1753.2743683596434
0.17982    2341.5    2378.6311355904872    2952.8036368868084    1271.3056423766088    -2088.813402374376    -2758.4429254655465    -781.803124939874    -2503.1094414504387    1752.0761081734013
0.18241    2304.2    2328.4531082930102    2912.346801096191    1275.2710241581055    -2092.43342236916    -2747.2413007115006    -793.1255421263198    -2496.6576173197172    1750.5525688069379
0.18504    2268.0    2278.9508408266324    2872.569086495631    1279.1116766268597    -2095.836381887731    -2735.502600097361    -804.5128975541359    -2489.802697311175    1748.7253057904159
0.1877    2231.8    2229.878522919318    2833.179215590296    1282.8597512201197    -2099.078215252936    -2722.79463632524    -815.9036484626121    -2482.623097557919    1746.575671709074
0.1904    2194.1    2180.6265777143726    2793.569174696462    1286.3834186759952    -2102.0107716812163    -2708.458812804192    -827.3907292305722    -2474.8605566446713    1744.0364820726613
0.19314    2154.1    2131.0157694889717    2753.5336269606    1289.8217057725053    -2104.7314805029323    -2692.288330672138    -838.878960977117    -2466.9032977125585    1741.2424113934524
0.19592    2110.8    2080.8360829896915    2712.8090658859987    1293.0584399469415    -2107.1758870677504    -2673.8679551644964    -850.4455567405715    -2458.4137916194927    1738.076663433468
0.19874    2063.9    2030.1321905014006    2671.4070411306607    1296.0820589708376    -2109.8418682605948    -2653.206039041477    -862.0472118296577    -2449.561811278073    1734.529546467551
0.2016    2013.2    1978.9886282633627    2629.3603823870776    1298.794422477672    -2110.7759675189823    -2630.3171675005974    -873.6939207531824    -2440.2517591998317    1730.6286159558272
0.2045    1959.1    1927.6669148714054    2586.8869423487076    1301.2771887846432    -2112.016131126511    -2605.5312489489943    -885.3654563466596    -2430.6057059204263    1726.3940407211128
0.20744    1902.2    1876.4640074157105    2544.2506445613617    1303.3879696554854    -2112.6843915868158    -2579.116282685036    -897.07476351212    -2420.545094471737    1721.8089423899523
0.21042    1843.4    1825.7286593042354    2501.7665658642445    1305.1707758457624    -2112.808682654943    -2551.5321711955767    -908.8001090288208    -2410.1215885083634    1716.876710913973
0.21345    1784.0    1775.759712448004    2459.734610829073    1306.587426815666    -2112.3456724272955    -2523.3483835540515    -920.5950308520346    -2399.277183868254    1711.593952449084
0.21652    1725.2    1727.0072411866697    2418.570422954289    1307.6293633294622    -2111.339189100788    -2495.0717269490037    -932.3966061823269    -2388.096556197587    1706.010980154098
0.21964    1668.1    1679.6232847128583    2378.4427522155956    1308.30943407474    -2109.690868981701    -2467.1357367573373    -944.2493508381361    -2376.5424057438504    1700.097649012223
0.2228    1613.8    1633.9337994404925    2339.6650668442608    1308.60886308007    -2107.4830079747508    -2439.9212052318876    -956.1026454660822    -2364.662478017765    1693.8794203308742
0.226    1563.3    1590.0878906086668    2302.4061515939234    1308.5683135780998    -2104.793439810617    -2413.707853439807    -967.9620341204602    -2352.4641833205305    1687.3965286314015
0.22926    1517.2    1547.9182641678544    2266.556464630343    1308.2332792180787    -2101.5875034694677    -2388.5839234691184    -979.877621110542    -2339.9355093979434    1680.6246139018656
0.23255    1475.5    1507.616267757672    2232.2747943432378    1307.5771095872128    -2097.9200174542807    -2364.568366105873    -991.754595229105    -2327.138551478965    1673.5942723902353
0.2359    1438.2    1468.7863017180682    2199.254552361379    1306.631282068392    -2093.8464700748955    -2341.5050404029066    -1003.6765742208784    -2314.0022032323773    1666.312048934923
0.23929    1404.9    1431.446472353335    2167.487043094714    1305.4248173799224    -2089.2971965692495    -2319.2384040614074    -1015.6072168119241    -2300.5172417927756    1658.6928258456821
0.24274    1374.7    1395.1726040336325    2136.6103633771636    1304.0739133157383    -2084.46135042362    -2297.377623605928    -1027.552958726938    -2286.8422978275244    1650.9323207497005
0.24623    1346.8    1359.9539386368353    2106.6128655310204    1302.4953089249175    -2079.331097207043    -2275.7307172604847    -1039.4754550698801    -2272.8770872472596    1642.8876010116976
0.24977    1320.1    1325.4915307008503    2077.1847516893154    1300.641630154125    -2073.799350535463    -2253.946113670706    -1051.424909668405    -2258.6424703030198    1634.5584021758898
0.25337    1293.5    1291.531943118066    2048.098450726479    1298.6430887096792    -2068.031696704988    -2231.7026474379823    -1063.368025447816    -2244.0229404775455    1626.0398827857564
0.25701    1266.1    1258.132654167951    2019.3741930791534    1296.3404137271118    -2061.9123846614266    -2208.9049764631304    -1075.2982911769375    -2229.204565531274    1617.2722435471753
0.26071    1237.3    1225.0877754263524    1990.8133524800155    1293.848939926027    -2055.467704067335    -2185.4001596065254    -1087.2311511257492    -2214.1357397810734    1608.250009505404
0.26446    1206.7    1192.4753509642771    1962.4607045299413    1291.0985800244325    -2048.6616637430857    -2161.2052593550393    -1099.1651452206195    -2198.8165294022874    1598.983369430662
0.26827    1174.1    1160.2489450763567    1934.25812086096    1288.0872289949966    -2041.4560977132223    -2136.332425841843    -1111.1077728132666    -2183.3242180170764    1589.452354512341
0.27213    1140.1    1128.6012334807813    1906.3752714662064    1284.8368629131592    -2033.9071360305504    -2111.065507693156    -1123.0183295620398    -2167.3506295673246    1579.7404093944035
0.27604    1105.1    1097.6054560241862    1878.858924233998    1281.5333144717024    -2025.9989643682036    -2085.544349422782    -1134.8961231505498    -2151.354158030093    1569.842935442611
0.28001    1070.0    1067.301869324299    1851.7570199228694    1277.4898117935809    -2017.6408577899574    -2059.9264783650015    -1146.7925410538905    -2135.1119949666218    1559.6751907816272
0.28404    1035.5    1037.7599326537586    1825.1251637318896    1273.4057583189954    -2008.9235855558154    -2034.4122784940005    -1158.6645577807758    -2118.6958143105044    1549.30255637138
0.28813    1002.6    1009.0544610453878    1799.041139812487    1269.0827270310617    -1999.8163613166216    -2009.1844320764342    -1170.5129276465339    -2102.11546485385    1538.7261721299747
0.29228    971.72    981.191949071486    1773.5243832397568    1264.5304966805456    -1990.3927352576918    -1984.2459726928023    -1182.338166488528    -2085.3576477652914    1528.0133488378597
0.29648    943.31    954.2298141088256    1748.6369811286672    1259.7400555485867    -1980.617132169054    -1959.730822092352    -1194.1115716373859    -2068.4080550253493    1517.120109462422
0.30075    917.38    928.0116913657163    1724.2417625304824    1254.7232967506636    -1970.5155263593772    -1935.4942573786234    -1205.897640564719    -2051.2294456251225    1506.0265702760453
0.30507    893.72    902.6022622072393    1700.4075346722657    1249.4184926014036    -1960.0743720141743    -1911.5760213644833    -1217.608897407021    -2034.1460626314663    1494.757550218146
0.30946    871.85    877.8321080055752    1676.9881307247679    1244.0412148131793    -1949.3964922224975    -1887.7952016895842    -1229.3013053183022    -2016.7249174257183    1483.3645238451156
0.31392    851.14    853.6505542240949    1653.928497480831    1238.3873581615426    -1938.3816432932908    -1864.0500671620832    -1241.003530493804    -1998.9887117401718    1471.768187244939
0.31843    830.93    830.1136222672892    1631.2967528519084    1232.5441935751858    -1927.1121588800968    -1840.3751397998087    -1252.61670728579    -1981.003747886533    1460.0664697770867
0.32301    810.63    807.0910325636213    1608.958843097395    1226.492160354003    -1915.5865096038326    -1816.6583603173335    -1264.208633473644    -1962.9111795851072    1448.1952282093675
0.32766    789.81    784.5699733919    1586.9065485180145    1220.25738053865    -1903.7877536700917    -1792.8599383620974    -1275.7672371777596    -1944.6660678401101    1436.2055261883377
0.33238    768.28    762.5514106922008    1565.123302019862    1213.8075206180627    -1891.7159408196858    -1769.0145737734824    -1287.2900707032563    -1926.136810931616    1424.0636832422867
0.33716    746.13    741.0884081581974    1543.666556084836    1207.1688615684207    -1879.3658106675268    -1745.2047286499533    -1298.7614967837803    -1907.9601024825618    1411.7768139162106
0.34201    723.65    720.1485160225118    1522.518323217409    1200.378879473263    -1866.8263670420783    -1721.453603378607    -1310.1699448971053    -1889.8111901328382    1399.4487341101485
0.34693    701.26    699.7430300811693    1501.666828595934    1193.3799225601101    -1854.0032968900457    -1697.7999054973016    -1321.552026366052    -1871.2756733644646    1386.9312025017796
0.35192    679.45    679.8788725296552    1481.1353373874695    1186.2000486529957    -1840.9745597183219    -1674.3019423698918    -1332.8636042264397    -1852.7229929038772    1374.3595318032746
0.35699    658.65    660.5192600874118    1460.8773452964765    1178.8296939278987    -1827.6863987084162    -1650.9385851108361    -1344.1393832099855    -1834.0423146513522    1361.6693346262193
0.36212    639.09    641.7302049133606    1440.9825769085496    1171.3589791723325    -1814.2188670830515    -1627.8139169430397    -1355.344301626709    -1815.3302566864309    1348.90910057602
0.36733    620.85    623.42718181455    1421.3539317668133    1163.679292789623    -1800.4784870802937    -1604.8298331833028    -1366.5018626920069    -1796.5183852519795    1336.0481986580435
0.37262    603.82    605.598206164328    1402.0010476375178    1155.864080170525    -1786.5586704462144    -1582.0139441606557    -1377.607768378517    -1777.637217252671    1323.0923733326479
0.37798    587.7    588.2607809416083    1382.9405757063196    1147.8753375959457    -1772.4512241091884    -1559.3557806134284    -1388.6569627763063    -1758.7150301942436    1310.0590399413932
0.38342    572.15    571.3702540168124    1364.129423131149    1139.7553892963133    -1758.209229685414    -1536.8406530298823    -1399.6239139913769    -1739.8026142313447    1297.0008829032388
0.38893    556.82    554.944743529327    1345.5940668963576    1131.518100747544    -1743.7463254614208    -1514.4838371031894    -1410.53446040591    -1720.8060707143875    1283.8523480147503
0.39453    541.45    538.9180493499331    1327.2613114642782    1123.1106910466365    -1729.1056770441944    -1492.222462195028    -1421.3968418870106    -1701.7773200523613    1270.6391814064978
0.40021    525.97    523.314870041031    1309.162285402204    1114.5939525023668    -1714.3091345121982    -1470.1118628026945    -1432.2081638789605    -1682.7141370511624    1257.362003245504
0.40597    510.42    508.1303907860938    1291.310518767128    1105.9573135796875    -1699.386406905085    -1448.1563497395396    -1442.8956804212883    -1663.68790897916    1244.0776489525313
0.41181    494.96    493.3594709454691    1273.6858271057836    1097.1943142826465    -1684.3212196296831    -1426.3568603017325    -1453.56219229988    -1644.6162661276717    1230.728169757169
0.41773    479.86    478.9966193000929    1256.2969223848945    1088.3215926171815    -1669.1052828573124    -1404.7812982897183    -1464.1328626143847    -1625.56821976073    1217.3642845354084
0.42374    465.3    465.0120200467805    1239.135535440451    1079.3533735029748    -1653.792014990866    -1383.349738530436    -1474.6250844045162    -1606.5162570566652    1203.9627618730635
0.42984    451.43    451.4005334376692    1222.1608506479142    1070.2590167466738    -1638.3131826797278    -1362.081826261919    -1485.0781951807282    -1587.451464961816    1190.5236978801204
0.43602    438.29    438.1769167328041    1205.4222141817463    1061.085740709211    -1622.7683446473031    -1341.0308254224194    -1495.430354217539    -1568.445260665573    1177.097673392359
0.4423    425.76    425.291767150166    1188.8520757524611    1051.7919232201155    -1607.076104725208    -1320.1270529362268    -1505.7278079939183    -1549.429346283049    1163.6117325639348
0.44866    413.7    412.77932243588003    1172.5182804763322    1042.4262780294307    -1591.3029322965156    -1299.441785357492    -1515.9318928583973    -1530.4400582791577    1150.143765187993
0.45512    401.94    400.59362503372677    1156.3545790171029    1032.9703805488657    -1575.4329128048587    -1278.9137207177516    -1526.0639392954122    -1511.4831225134512    1136.6687991492279
0.46166    390.33    388.7657588514811    1140.4037941553615    1023.4416741207743    -1559.496112040037    -1258.609307224848    -1536.1152390563755    -1492.5991029907511    1123.2113862900826
0.46831    378.83    377.2361863041185    1124.618179900161    1013.8383273262572    -1543.4819803848948    -1238.4460884007333    -1546.0993131215396    -1473.7211329938132    1109.7343091820933
0.47505    367.46    366.03498741995884    1109.0201663400949    1004.1560592312275    -1527.3820588811882    -1218.494716924556    -1555.9876945889966    -1454.8975929543644    1096.266115363767
0.48188    356.32    355.1557906352559    1093.6167765770501    994.4457610225033    -1511.212639284362    -1198.7595980062608    -1565.7818855627906    -1436.1840212985205    1082.8509560401546
0.48881    345.5    344.5763197400011    1078.3904847928347    984.6401896817349    -1495.0465726812026    -1179.2132909306708    -1575.5123689086945    -1417.4880932764122    1069.4298423011553
0.49585    335.08    334.277178317476    1063.3146958757752    974.7907993034721    -1478.8145766041034    -1159.8383690621163    -1585.164691215938    -1398.8561191945496    1056.0329388777486
0.50298    325.08    324.28213506534235    1048.4312666731876    964.8930952739757    -1462.5382289959875    -1140.6935664226403    -1594.707610949049    -1380.30602234628    1042.6638522507576
0.51022    315.46    314.5574819415333    1033.6878265485257    954.9315304991366    -1446.1949634185953    -1121.7298367361839    -1604.205221776366    -1361.8089045187553    1029.3146849046936
0.51756    306.16    305.11173886668985    1019.1413596402408    944.9544794897333    -1429.8776704484196    -1102.9811509914405    -1613.5884516264364    -1343.4198178090635    1016.0196434542061
0.52501    297.08    295.9269577775739    1004.7349409923941    934.9186436217972    -1413.4943768045973    -1084.4223751343745    -1622.9026531855498    -1325.088383909883    1002.7453898598118
0.53256    288.2    287.0102980458687    990.4877976957332    924.866775839886    -1397.118684629554    -1066.0808733172591    -1632.0979821201072    -1306.8709079409382    989.5314582802696
0.54022    279.49    278.344658333059    976.4198946283773    914.8061837053409    -1380.7656359850346    -1047.9382524861228    -1641.2088933093119    -1288.7821587740023    976.3947797948401
0.548    270.97    269.91477230325586    962.4788482441236    904.6842383202555    -1364.3564506683072    -1029.9967343621931    -1650.2674463207852    -1270.704570596557    963.2464253555424
0.55588    262.7    261.73742468198725    948.711224129238    894.5676453139655    -1347.9972407323023    -1012.279244970782    -1659.2073578719412    -1252.7921570386482    950.1906537603884
0.56388    254.69    253.7871323227044    935.0731504901382    884.3996715389851    -1331.5992469218702    -994.7485814267272    -1668.0763607194745    -1234.931731752721    937.165871861274
0.57199    246.96    246.06922382930003    921.6078873571287    874.2630267043946    -1315.280833995199    -977.4428053191573    -1676.8203577017234    -1217.2468994160472    924.2441128047675
0.58022    239.48    238.56974764478144    908.2630638053383    864.0898231157332    -1298.9396588143911    -960.3336566305884    -1685.4915948934517    -1199.6415216637943    911.3642069309213
0.58857    232.23    231.28467973416775    895.0735994743604    853.9238428011708    -1282.6484590725452    -943.4297529838498    -1694.1041334171657    -1182.1406853601075    898.5476996217673
0.59704    225.17    224.20987746590924    882.0267655015455    843.7791005387786    -1266.3480822259899    -926.7410233743324    -1702.5980845838467    -1164.7467708215258    885.7880881133586
0.60563    218.28    217.34102541476483    869.1233651426542    833.6321227317668    -1250.1246219719494    -910.2493600531674    -1711.0308331484493    -1147.4968672444672    873.1228195473882
0.61434    211.57    210.67402750950134    856.3649931053442    823.4707637323297    -1233.943778521286    -893.9808086197271    -1719.3239349745004    -1130.387942627529    860.5416580798919
0.62318    205.05    204.1970928330244    843.7314065641335    813.3224994266218    -1217.7843005642655    -877.9084759250755    -1727.5453347939365    -1113.3876344267196    848.0177302212678
0.63215    198.72    197.9067843554751    831.230531549415    803.1381074999089    -1201.6489122845908    -862.0273339605943    -1735.6488731064835    -1096.5273731845075    835.5891912945766
0.64124    192.6    191.80604530834515    818.8789509406088    792.9771566697311    -1185.6584792780595    -846.3945054690039    -1743.6738482453002    -1079.7918901659768    823.2359689671174
0.65047    186.67    185.87774291497746    806.6521948099767    782.93738524005    -1169.70596590895    -830.941261737929    -1751.6456186530968    -1063.1844857033286    810.9692165392415
0.65983    180.91    180.12494969649322    794.5544830549707    772.9034504045333    -1153.766888917223    -815.6958339378285    -1759.5282588028094    -1046.6924320235544    798.7744703592223
0.66932    175.32    174.54381837916486    782.6014968845952    762.9896238016328    -1137.9457304099653    -800.6646034521691    -1767.2949646547543    -1030.3459508800463    786.6878702409772
0.67895    169.87    169.12495603250815    770.7548576863601    752.867140191602    -1122.177498447027    -785.8329018459397    -1774.9444437719335    -1014.1692554798431    774.6776312736765
0.68872    164.59    163.86515855863487    759.0566587337007    742.8827520285946    -1106.462659526161    -771.2022071329104    -1782.5075128964752    -998.1422440207295    762.7889844172938
0.69863    159.46    158.7611293716361    747.4854808080831    732.9252936165014    -1090.8771809925763    -756.7788013167124    -1789.9344437719583    -982.350299367942    751.0059876441161
0.70868    154.49    153.8095474770549    736.0366652993075    723.0246501951162    -1075.3581763324505    -742.5600682608738    -1797.3801384094463    -966.53639141652    739.420360806384
0.71888    149.67    149.00243860813737    724.711697967979    713.1714852870641    -1059.9154169411495    -728.5387128158815    -1804.692922972305    -950.9171862547336    727.6777877490578
0.72922    144.99    144.34133247692358    713.5202917904289    703.3551293855219    -1044.4295874595011    -714.719429138498    -1811.9569070472842    -935.392090484065    716.1865454658712
0.73972    140.45    139.81435088803758    702.4353623304423    693.5701844208855    -1029.3123600744557    -701.0841481018036    -1819.0279655795382    -920.1657882720255    704.7308656698993
0.75036    136.04    135.42717146593137    691.4861765410433    683.7962054125311    -1014.172549235235    -687.674200225004    -1826.0308986048758    -905.0242767633135    693.4454460985191
0.76116    131.76    131.16855072365925    680.6507664995088    674.1657912799245    -999.1051991118529    -674.4509392634935    -1833.0012604886626    -890.0113674785337    682.234246824482
0.77211    127.61    127.03967048692846    669.9344707743089    664.5537710324601    -984.1617621871487    -661.4227077669206    -1839.8180304148573    -875.1870187142304    671.1454674701233
0.78322    123.59    123.03393737721015    659.3584978959466    654.9929123248555    -969.3393002599054    -648.5919040211962    -1846.5776765042826    -860.5238802563716    660.17312604804
0.79449    119.69    119.14874062143758    648.8903479860928    645.4918223487359    -954.6045011302771    -635.9508852720885    -1853.2367403983096    -845.9989998199263    649.2947112769582
0.80592    115.91    115.38142248998295    638.5442058866397    636.0365293265971    -939.9902354779008    -623.5096201718468    -1859.8265560968634    -831.6373019404358    638.5270662245944
0.81751    112.24    111.72928717088405    628.3180986541206    626.6557606317994    -925.4983833078337    -611.2592437384072    -1866.2950821971504    -817.4431277841253    627.8764947881573
0.82928    108.68    108.18373757073903    618.199009665434    617.3256248084289    -911.1043023732385    -599.1846802952595    -1872.700095708643    -803.3968295898146    617.3304833957427
0.84121    105.22    104.74845091899306    608.2157503571498    608.0711742045903    -896.8449058152819    -587.31512266914    -1878.999139001543    -789.5188432923293    606.8982533855195
0.85331    101.88    101.41796779046679    598.3350453526637    598.8851042009368    -882.6928889373104    -575.6291638646206    -1885.2494305548714    -775.8040869664015    596.5896269931062
0.86559    98.63    98.187307935402    588.5648323230816    589.7616103934329    -868.6923907916131    -564.1220938842171    -1891.3396797774437    -762.2414707009101    586.3723217221523
0.87804    95.483    95.05684128267431    578.925286320662    580.7154995767227    -854.8152442250889    -552.8065649948328    -1897.3653652479752    -748.852511548268    576.2559226347868
0.89068    92.432    92.01941453948722    569.3838024710572    571.7220187513094    -841.0176507989748    -541.6634072210594    -1903.334935321453    -735.5631089194818    566.2888075612451
0.90349    89.474    89.07768298081851    559.9749746831458    562.8226012185605    -827.3905205465207    -530.713132156445    -1909.237617393934    -722.5347693189763    556.4505204015957
0.91649    86.606    86.22487023406482    550.6687033358289    553.9912059093975    -813.8805198331548    -519.933582228303    -1915.018585729686    -709.6449742849506    546.7156373230735
0.92968    83.827    83.45907474674742    541.47332741324    545.2211000327871    -800.501548077848    -509.3291496356369    -1920.6835008184726    -696.883082702582    537.0685180599082
0.94305    81.134    80.78031853724632    532.3983562519988    536.5578317218009    -787.273424069143    -498.910006874067    -1926.3036117203837    -684.3000895297996    527.5642147925796
0.95662    78.524    78.18263484640394    523.4208457921027    527.9407202530422    -774.143071679097    -488.65810941330784    -1931.8581466512437    -671.854316635916    518.1476259744637
0.97039    75.994    75.66430830312876    514.565451231661    519.4277349444588    -761.1786828374674    -478.5738204094902    -1937.2908851146397    -659.6081576603854    508.87428140792844
0.98435    73.542    73.22529168886057    505.82116869016545    510.99362153444827    -748.3479862661907    -468.66632496769387    -1942.6548712893273    -647.5077403911433    499.71142705615443
0.99851    71.166    70.86194728338863    497.1783856934221    502.61626902256626    -735.6303695404478    -458.92807323662834    -1947.9481955120798    -635.5545193667822    490.65162753992274
1.0129    68.864    68.56781649918646    488.63881305781615    494.3289259362208    -723.0470031137418    -449.3393047734479    -1953.141674984183    -623.7666312234238    481.7107264504
