0.35650E-05    0.17508E+02
0.36163E-05    0.17750E+02
0.36683E-05    0.17995E+02
0.37211E-05    0.18244E+02
0.37747E-05    0.18496E+02
0.38290E-05    0.18751E+02
0.38841E-05    0.19010E+02
0.39399E-05    0.19273E+02
0.39966E-05    0.19539E+02
0.40541E-05    0.19808E+02
0.41125E-05    0.20082E+02
0.41716E-05    0.20359E+02
0.42317E-05    0.20640E+02
0.42925E-05    0.20925E+02
0.43543E-05    0.21214E+02
0.44170E-05    0.21507E+02
0.44805E-05    0.21804E+02
0.45450E-05    0.22105E+02
0.46104E-05    0.22411E+02
0.46767E-05    0.22720E+02
0.47440E-05    0.23034E+02
0.48123E-05    0.23352E+02
0.48815E-05    0.23674E+02
0.49517E-05    0.24001E+02
0.50230E-05    0.24333E+02
0.50952E-05    0.24669E+02
0.51686E-05    0.25009E+02
0.52429E-05    0.25355E+02
0.53184E-05    0.25705E+02
0.53949E-05    0.26060E+02
0.54725E-05    0.26420E+02
0.55512E-05    0.26785E+02
0.56311E-05    0.27154E+02
0.57121E-05    0.27529E+02
0.57943E-05    0.27910E+02
0.58777E-05    0.28295E+02
0.59623E-05    0.28686E+02
0.60481E-05    0.29082E+02
0.61351E-05    0.29483E+02
0.62234E-05    0.29890E+02
0.63129E-05    0.30303E+02
0.64037E-05    0.30722E+02
0.64959E-05    0.31146E+02
0.65893E-05    0.31576E+02
0.66841E-05    0.32012E+02
0.67803E-05    0.32454E+02
0.68779E-05    0.32902E+02
0.69768E-05    0.33357E+02
0.70772E-05    0.33817E+02
0.71790E-05    0.34284E+02
0.72823E-05    0.34758E+02
0.73871E-05    0.35237E+02
0.74934E-05    0.35724E+02
0.76012E-05    0.36217E+02
0.77106E-05    0.36717E+02
0.78215E-05    0.37224E+02
0.79341E-05    0.37739E+02
0.80482E-05    0.38260E+02
0.81640E-05    0.38788E+02
0.82815E-05    0.39324E+02
0.84006E-05    0.39867E+02
0.85215E-05    0.40417E+02
0.86441E-05    0.40975E+02
0.87685E-05    0.41541E+02
0.88947E-05    0.42115E+02
0.90226E-05    0.42696E+02
0.91525E-05    0.43286E+02
0.92841E-05    0.43883E+02
0.94177E-05    0.44489E+02
0.95532E-05    0.45104E+02
0.96907E-05    0.45727E+02
0.98301E-05    0.46358E+02
0.99716E-05    0.46998E+02
0.10115E-04    0.47647E+02
0.10261E-04    0.48305E+02
0.10408E-04    0.48972E+02
0.10558E-04    0.49648E+02
0.10710E-04    0.50334E+02
0.10864E-04    0.51029E+02
0.11020E-04    0.51734E+02
0.11179E-04    0.52448E+02
0.11340E-04    0.53172E+02
0.11503E-04    0.53907E+02
0.11668E-04    0.54651E+02
0.11836E-04    0.55406E+02
0.12007E-04    0.56171E+02
0.12179E-04    0.56946E+02
0.12355E-04    0.57733E+02
0.12532E-04    0.58530E+02
0.12713E-04    0.59338E+02
0.12896E-04    0.60157E+02
0.13081E-04    0.60988E+02
0.13269E-04    0.61830E+02
0.13460E-04    0.62684E+02
0.13654E-04    0.63550E+02
0.13850E-04    0.64427E+02
0.14050E-04    0.65317E+02
0.14252E-04    0.66219E+02
0.14457E-04    0.67133E+02
0.14665E-04    0.68060E+02
0.14876E-04    0.69000E+02
0.15090E-04    0.69953E+02
0.15307E-04    0.70919E+02
0.15527E-04    0.71898E+02
0.15751E-04    0.72891E+02
0.15977E-04    0.73897E+02
0.16207E-04    0.74918E+02
0.16440E-04    0.75952E+02
0.16677E-04    0.77001E+02
0.16917E-04    0.78064E+02
0.17160E-04    0.79142E+02
0.17407E-04    0.80235E+02
0.17658E-04    0.81343E+02
0.17912E-04    0.82466E+02
0.18169E-04    0.83605E+02
0.18431E-04    0.84759E+02
0.18696E-04    0.85930E+02
0.18965E-04    0.87116E+02
0.19238E-04    0.88319E+02
0.19515E-04    0.89539E+02
0.19795E-04    0.90775E+02
0.20080E-04    0.92029E+02
0.20369E-04    0.93300E+02
0.20662E-04    0.94588E+02
0.20960E-04    0.95894E+02
0.21261E-04    0.97218E+02
0.21567E-04    0.98561E+02
0.21877E-04    0.99922E+02
0.22192E-04    0.10130E+03
0.22511E-04    0.10270E+03
0.22835E-04    0.10412E+03
0.23164E-04    0.10556E+03
0.23497E-04    0.10701E+03
0.23835E-04    0.10849E+03
0.24178E-04    0.10999E+03
0.24526E-04    0.11151E+03
0.24879E-04    0.11305E+03
0.25237E-04    0.11461E+03
0.25600E-04    0.11619E+03
0.25968E-04    0.11780E+03
0.26342E-04    0.11942E+03
0.26721E-04    0.12107E+03
0.27106E-04    0.12274E+03
0.27496E-04    0.12444E+03
0.27891E-04    0.12616E+03
0.28292E-04    0.12790E+03
0.28700E-04    0.12966E+03
0.29112E-04    0.13145E+03
0.29531E-04    0.13327E+03
0.29956E-04    0.13511E+03
0.30387E-04    0.13698E+03
0.30824E-04    0.13887E+03
0.31268E-04    0.14078E+03
0.31718E-04    0.14273E+03
0.32174E-04    0.14470E+03
0.32637E-04    0.14670E+03
0.33107E-04    0.14872E+03
0.33583E-04    0.15078E+03
0.34066E-04    0.15286E+03
0.34556E-04    0.15497E+03
0.35054E-04    0.15711E+03
0.35558E-04    0.15928E+03
0.36070E-04    0.16148E+03
0.36589E-04    0.16371E+03
0.37115E-04    0.16597E+03
0.37649E-04    0.16826E+03
0.38191E-04    0.17058E+03
0.38740E-04    0.17294E+03
0.39298E-04    0.17533E+03
0.39863E-04    0.17775E+03
0.40437E-04    0.18020E+03
0.41018E-04    0.18269E+03
0.41609E-04    0.18521E+03
0.42207E-04    0.18777E+03
0.42815E-04    0.19036E+03
0.43431E-04    0.19299E+03
0.44056E-04    0.19565E+03
0.44689E-04    0.19836E+03
0.45332E-04    0.20109E+03
0.45985E-04    0.20387E+03
0.46646E-04    0.20669E+03
0.47317E-04    0.20954E+03
0.47998E-04    0.21243E+03
0.48689E-04    0.21537E+03
0.49389E-04    0.21834E+03
0.50100E-04    0.22135E+03
0.50821E-04    0.22441E+03
0.51552E-04    0.22751E+03
0.52294E-04    0.23065E+03
0.53046E-04    0.23383E+03
0.53810E-04    0.23706E+03
0.54584E-04    0.24034E+03
0.55369E-04    0.24365E+03
0.56166E-04    0.24702E+03
0.56974E-04    0.25043E+03
0.57794E-04    0.25389E+03
0.58625E-04    0.25739E+03
0.59469E-04    0.26095E+03
0.60324E-04    0.26455E+03
0.61192E-04    0.26820E+03
0.62073E-04    0.27190E+03
0.62966E-04    0.27566E+03
0.63872E-04    0.27946E+03
0.64791E-04    0.28332E+03
0.65723E-04    0.28723E+03
0.66669E-04    0.29120E+03
0.67628E-04    0.29522E+03
0.68601E-04    0.29929E+03
0.69588E-04    0.30343E+03
0.70589E-04    0.30761E+03
0.71605E-04    0.31186E+03
0.72635E-04    0.31617E+03
0.73680E-04    0.32053E+03
0.74741E-04    0.32496E+03
0.75816E-04    0.32944E+03
0.76907E-04    0.33399E+03
0.78013E-04    0.33860E+03
0.79136E-04    0.34327E+03
0.80274E-04    0.34801E+03
0.81429E-04    0.35282E+03
0.82601E-04    0.35769E+03
0.83790E-04    0.36263E+03
0.84995E-04    0.36763E+03
0.86218E-04    0.37271E+03
0.87459E-04    0.37785E+03
0.88717E-04    0.38307E+03
0.89993E-04    0.38835E+03
0.91288E-04    0.39371E+03
0.92602E-04    0.39915E+03
0.93934E-04    0.40466E+03
0.95286E-04    0.41024E+03
0.96657E-04    0.41590E+03
0.98047E-04    0.42165E+03
0.99458E-04    0.42746E+03
0.10089E-03    0.43336E+03
0.10234E-03    0.43935E+03
0.10381E-03    0.44541E+03
0.10531E-03    0.45156E+03
0.10682E-03    0.45779E+03
0.10836E-03    0.46411E+03
0.10992E-03    0.47051E+03
0.11150E-03    0.47700E+03
0.11310E-03    0.48359E+03
0.11473E-03    0.49026E+03
0.11638E-03    0.49703E+03
0.11806E-03    0.50388E+03
0.11976E-03    0.51084E+03
0.12148E-03    0.51789E+03
0.12323E-03    0.52503E+03
0.12500E-03    0.53228E+03
0.12680E-03    0.53962E+03
0.12862E-03    0.54707E+03
0.13047E-03    0.55461E+03
0.13235E-03    0.56227E+03
0.13425E-03    0.57002E+03
0.13619E-03    0.57789E+03
0.13815E-03    0.58586E+03
0.14013E-03    0.59394E+03
0.14215E-03    0.60213E+03
0.14419E-03    0.61044E+03
0.14627E-03    0.61886E+03
0.14837E-03    0.62740E+03
0.15051E-03    0.63605E+03
0.15267E-03    0.64482E+03
0.15487E-03    0.65372E+03
0.15710E-03    0.66273E+03
0.15936E-03    0.67187E+03
0.16165E-03    0.68114E+03
0.16398E-03    0.69053E+03
0.16634E-03    0.70005E+03
0.16873E-03    0.70971E+03
0.17116E-03    0.71949E+03
0.17362E-03    0.72941E+03
0.17612E-03    0.73947E+03
0.17865E-03    0.74967E+03
0.18122E-03    0.76000E+03
0.18383E-03    0.77048E+03
0.18648E-03    0.78110E+03
0.18916E-03    0.79187E+03
0.19188E-03    0.80278E+03
0.19464E-03    0.81385E+03
0.19744E-03    0.82506E+03
0.20028E-03    0.83643E+03
0.20317E-03    0.84796E+03
0.20609E-03    0.85965E+03
0.20905E-03    0.87149E+03
0.21206E-03    0.88350E+03
0.21511E-03    0.89567E+03
0.21821E-03    0.90801E+03
0.22135E-03    0.92052E+03
0.22453E-03    0.93320E+03
0.22776E-03    0.94605E+03
0.23104E-03    0.95908E+03
0.23436E-03    0.97229E+03
0.23774E-03    0.98568E+03
0.24116E-03    0.99925E+03
0.24463E-03    0.10130E+04
0.24815E-03    0.10270E+04
0.25172E-03    0.10411E+04
0.25534E-03    0.10554E+04
0.25901E-03    0.10700E+04
0.26274E-03    0.10847E+04
0.26652E-03    0.10996E+04
0.27036E-03    0.11147E+04
0.27425E-03    0.11301E+04
0.27819E-03    0.11456E+04
0.28219E-03    0.11614E+04
0.28625E-03    0.11774E+04
0.29037E-03    0.11935E+04
0.29455E-03    0.12100E+04
0.29879E-03    0.12266E+04
0.30309E-03    0.12435E+04
0.30745E-03    0.12605E+04
0.31187E-03    0.12779E+04
0.31636E-03    0.12954E+04
0.32091E-03    0.13132E+04
0.32553E-03    0.13313E+04
0.33021E-03    0.13496E+04
0.33496E-03    0.13681E+04
0.33978E-03    0.13869E+04
0.34467E-03    0.14059E+04
0.34963E-03    0.14252E+04
0.35466E-03    0.14448E+04
0.35977E-03    0.14646E+04
0.36494E-03    0.14847E+04
0.37019E-03    0.15051E+04
0.37552E-03    0.15258E+04
0.38092E-03    0.15467E+04
0.38640E-03    0.15679E+04
0.39196E-03    0.15894E+04
0.39760E-03    0.16112E+04
0.40332E-03    0.16333E+04
0.40913E-03    0.16556E+04
0.41501E-03    0.16783E+04
0.42098E-03    0.17013E+04
0.42704E-03    0.17246E+04
0.43319E-03    0.17482E+04
0.43942E-03    0.17721E+04
0.44574E-03    0.17964E+04
0.45215E-03    0.18210E+04
0.45866E-03    0.18459E+04
0.46526E-03    0.18711E+04
0.47195E-03    0.18967E+04
0.47874E-03    0.19226E+04
0.48563E-03    0.19489E+04
0.49262E-03    0.19755E+04
0.49971E-03    0.20025E+04
0.50690E-03    0.20298E+04
0.51419E-03    0.20575E+04
0.52159E-03    0.20856E+04
0.52909E-03    0.21140E+04
0.53671E-03    0.21429E+04
0.54443E-03    0.21721E+04
0.55226E-03    0.22017E+04
0.56021E-03    0.22317E+04
0.56827E-03    0.22621E+04
0.57644E-03    0.22929E+04
0.58474E-03    0.23241E+04
0.59315E-03    0.23557E+04
0.60169E-03    0.23877E+04
0.61034E-03    0.24202E+04
0.61913E-03    0.24531E+04
0.62803E-03    0.24864E+04
0.63707E-03    0.25201E+04
0.64624E-03    0.25543E+04
0.65553E-03    0.25890E+04
0.66497E-03    0.26241E+04
0.67453E-03    0.26597E+04
0.68424E-03    0.26957E+04
0.69408E-03    0.27322E+04
0.70407E-03    0.27692E+04
0.71420E-03    0.28066E+04
0.72448E-03    0.28446E+04
0.73490E-03    0.28830E+04
0.74548E-03    0.29220E+04
0.75620E-03    0.29614E+04
0.76708E-03    0.30014E+04
0.77812E-03    0.30419E+04
0.78932E-03    0.30829E+04
0.80067E-03    0.31244E+04
0.81219E-03    0.31665E+04
0.82388E-03    0.32091E+04
0.83573E-03    0.32522E+04
0.84776E-03    0.32960E+04
0.85995E-03    0.33402E+04
0.87233E-03    0.33851E+04
0.88488E-03    0.34305E+04
0.89761E-03    0.34765E+04
0.91053E-03    0.35231E+04
0.92363E-03    0.35702E+04
0.93692E-03    0.36180E+04
0.95040E-03    0.36664E+04
0.96407E-03    0.37154E+04
0.97794E-03    0.37650E+04
0.99201E-03    0.38152E+04
0.10063E-02    0.38660E+04
0.10208E-02    0.39175E+04
0.10355E-02    0.39697E+04
0.10504E-02    0.40225E+04
0.10655E-02    0.40759E+04
0.10808E-02    0.41301E+04
0.10963E-02    0.41848E+04
0.11121E-02    0.42403E+04
0.11281E-02    0.42965E+04
0.11444E-02    0.43533E+04
0.11608E-02    0.44109E+04
0.11775E-02    0.44691E+04
0.11945E-02    0.45281E+04
0.12116E-02    0.45878E+04
0.12291E-02    0.46482E+04
0.12468E-02    0.47093E+04
0.12647E-02    0.47712E+04
0.12829E-02    0.48339E+04
0.13014E-02    0.48972E+04
0.13201E-02    0.49614E+04
0.13391E-02    0.50263E+04
0.13583E-02    0.50920E+04
0.13779E-02    0.51585E+04
0.13977E-02    0.52258E+04
0.14178E-02    0.52938E+04
0.14382E-02    0.53627E+04
0.14589E-02    0.54324E+04
0.14799E-02    0.55028E+04
0.15012E-02    0.55742E+04
0.15228E-02    0.56463E+04
0.15447E-02    0.57193E+04
0.15669E-02    0.57931E+04
0.15895E-02    0.58678E+04
0.16124E-02    0.59433E+04
0.16356E-02    0.60197E+04
0.16591E-02    0.60969E+04
0.16830E-02    0.61750E+04
0.17072E-02    0.62541E+04
0.17317E-02    0.63340E+04
0.17567E-02    0.64147E+04
0.17819E-02    0.64964E+04
0.18076E-02    0.65790E+04
0.18336E-02    0.66625E+04
0.18600E-02    0.67469E+04
0.18867E-02    0.68323E+04
0.19139E-02    0.69186E+04
0.19414E-02    0.70058E+04
0.19693E-02    0.70939E+04
0.19977E-02    0.71830E+04
0.20264E-02    0.72730E+04
0.20556E-02    0.73640E+04
0.20851E-02    0.74559E+04
0.21151E-02    0.75488E+04
0.21456E-02    0.76427E+04
0.21765E-02    0.77376E+04
0.22078E-02    0.78334E+04
0.22395E-02    0.79302E+04
0.22718E-02    0.80279E+04
0.23044E-02    0.81267E+04
0.23376E-02    0.82264E+04
0.23712E-02    0.83272E+04
0.24054E-02    0.84289E+04
0.24400E-02    0.85317E+04
0.24751E-02    0.86354E+04
0.25107E-02    0.87401E+04
0.25468E-02    0.88458E+04
0.25834E-02    0.89526E+04
0.26206E-02    0.90603E+04
0.26583E-02    0.91691E+04
0.26966E-02    0.92788E+04
0.27354E-02    0.93896E+04
0.27747E-02    0.95014E+04
0.28147E-02    0.96142E+04
0.28552E-02    0.97280E+04
0.28962E-02    0.98428E+04
0.29379E-02    0.99586E+04
0.29802E-02    0.10075E+05
0.30231E-02    0.10193E+05
0.30666E-02    0.10312E+05
0.31107E-02    0.10432E+05
0.31554E-02    0.10553E+05
0.32008E-02    0.10674E+05
0.32469E-02    0.10797E+05
0.32936E-02    0.10921E+05
0.33410E-02    0.11046E+05
0.33891E-02    0.11171E+05
0.34378E-02    0.11298E+05
0.34873E-02    0.11426E+05
0.35375E-02    0.11554E+05
0.35884E-02    0.11684E+05
0.36400E-02    0.11814E+05
0.36924E-02    0.11945E+05
0.37455E-02    0.12078E+05
0.37994E-02    0.12211E+05
0.38541E-02    0.12345E+05
0.39095E-02    0.12480E+05
0.39658E-02    0.12616E+05
0.40228E-02    0.12753E+05
0.40807E-02    0.12890E+05
0.41394E-02    0.13029E+05
0.41990E-02    0.13168E+05
0.42594E-02    0.13308E+05
0.43207E-02    0.13449E+05
0.43828E-02    0.13591E+05
0.44459E-02    0.13733E+05
0.45099E-02    0.13876E+05
0.45748E-02    0.14020E+05
0.46406E-02    0.14165E+05
0.47073E-02    0.14310E+05
0.47751E-02    0.14456E+05
0.48438E-02    0.14602E+05
0.49135E-02    0.14750E+05
0.49842E-02    0.14898E+05
0.50559E-02    0.15046E+05
0.51286E-02    0.15195E+05
0.52024E-02    0.15344E+05
0.52773E-02    0.15494E+05
0.53532E-02    0.15645E+05
0.54302E-02    0.15796E+05
0.55084E-02    0.15947E+05
0.55876E-02    0.16099E+05
0.56680E-02    0.16251E+05
0.57496E-02    0.16403E+05
0.58323E-02    0.16556E+05
0.59162E-02    0.16709E+05
0.60013E-02    0.16862E+05
0.60877E-02    0.17016E+05
0.61753E-02    0.17169E+05
0.62641E-02    0.17323E+05
0.63543E-02    0.17477E+05
0.64457E-02    0.17630E+05
0.65384E-02    0.17784E+05
0.66325E-02    0.17938E+05
0.67279E-02    0.18091E+05
0.68247E-02    0.18245E+05
0.69229E-02    0.18398E+05
0.70225E-02    0.18551E+05
0.71236E-02    0.18704E+05
0.72261E-02    0.18856E+05
0.73300E-02    0.19008E+05
0.74355E-02    0.19160E+05
0.75425E-02    0.19309E+05
0.76510E-02    0.19460E+05
0.77611E-02    0.19610E+05
0.78728E-02    0.19759E+05
0.79860E-02    0.19908E+05
0.81010E-02    0.20056E+05
0.82175E-02    0.20203E+05
0.83357E-02    0.20349E+05
0.84557E-02    0.20494E+05
0.85773E-02    0.20638E+05
0.87008E-02    0.20782E+05
0.88259E-02    0.20924E+05
0.89529E-02    0.21064E+05
0.90818E-02    0.21204E+05
0.92124E-02    0.21342E+05
0.93450E-02    0.21479E+05
0.94794E-02    0.21614E+05
0.96158E-02    0.21748E+05
0.97542E-02    0.21879E+05
0.98945E-02    0.22010E+05
0.10037E-01    0.22138E+05
0.10181E-01    0.22265E+05
0.10328E-01    0.22389E+05
0.10476E-01    0.22512E+05
0.10627E-01    0.22632E+05
0.10780E-01    0.22750E+05
0.10935E-01    0.22866E+05
0.11092E-01    0.22979E+05
0.11252E-01    0.23090E+05
0.11414E-01    0.23199E+05
0.11578E-01    0.23304E+05
0.11745E-01    0.23407E+05
0.11914E-01    0.23507E+05
0.12085E-01    0.23604E+05
0.12259E-01    0.23698E+05
0.12435E-01    0.23789E+05
0.12614E-01    0.23874E+05
0.12796E-01    0.23959E+05
0.12980E-01    0.24039E+05
0.13167E-01    0.24117E+05
0.13356E-01    0.24190E+05
0.13548E-01    0.24260E+05
0.13743E-01    0.24326E+05
0.13941E-01    0.24388E+05
0.14142E-01    0.24446E+05
0.14345E-01    0.24500E+05
0.14552E-01    0.24550E+05
0.14761E-01    0.24595E+05
0.14973E-01    0.24636E+05
0.15189E-01    0.24673E+05
0.15407E-01    0.24705E+05
0.15629E-01    0.24732E+05
0.15854E-01    0.24754E+05
0.16082E-01    0.24772E+05
0.16313E-01    0.24784E+05
0.16548E-01    0.24792E+05
0.16786E-01    0.24794E+05
0.17028E-01    0.24791E+05
0.17273E-01    0.24783E+05
0.17521E-01    0.24771E+05
0.17773E-01    0.24752E+05
0.18029E-01    0.24728E+05
0.18288E-01    0.24697E+05
0.18552E-01    0.24662E+05
0.18818E-01    0.24620E+05
0.19089E-01    0.24573E+05
0.19364E-01    0.24520E+05
0.19643E-01    0.24461E+05
0.19925E-01    0.24396E+05
0.20212E-01    0.24325E+05
0.20503E-01    0.24248E+05
0.20798E-01    0.24166E+05
0.21097E-01    0.24077E+05
0.21400E-01    0.23982E+05
0.21708E-01    0.23881E+05
0.22021E-01    0.23775E+05
0.22338E-01    0.23662E+05
0.22659E-01    0.23543E+05
0.22985E-01    0.23418E+05
0.23316E-01    0.23288E+05
0.23651E-01    0.23151E+05
0.23991E-01    0.23010E+05
0.24337E-01    0.22862E+05
0.24687E-01    0.22709E+05
0.25042E-01    0.22550E+05
0.25402E-01    0.22386E+05
0.25768E-01    0.22217E+05
0.26139E-01    0.22043E+05
0.26515E-01    0.21864E+05
0.26896E-01    0.21680E+05
0.27283E-01    0.21491E+05
0.27676E-01    0.21298E+05
0.28074E-01    0.21101E+05
0.28478E-01    0.20899E+05
0.28888E-01    0.20694E+05
0.29303E-01    0.20485E+05
0.29725E-01    0.20273E+05
0.30152E-01    0.20057E+05
0.30586E-01    0.19839E+05
0.31026E-01    0.19618E+05
0.31473E-01    0.19394E+05
0.31926E-01    0.19169E+05
0.32385E-01    0.18941E+05
0.32851E-01    0.18712E+05
0.33324E-01    0.18482E+05
0.33803E-01    0.18251E+05
0.34290E-01    0.18020E+05
0.34783E-01    0.17788E+05
0.35283E-01    0.17557E+05
0.35791E-01    0.17325E+05
0.36306E-01    0.17095E+05
0.36828E-01    0.16865E+05
0.37358E-01    0.16637E+05
0.37896E-01    0.16410E+05
0.38441E-01    0.16186E+05
0.38994E-01    0.15963E+05
0.39555E-01    0.15743E+05
0.40124E-01    0.15526E+05
0.40702E-01    0.15312E+05
0.41287E-01    0.15102E+05
0.41881E-01    0.14895E+05
0.42484E-01    0.14692E+05
0.43095E-01    0.14493E+05
0.43715E-01    0.14299E+05
0.44344E-01    0.14109E+05
0.44982E-01    0.13923E+05
0.45629E-01    0.13743E+05
0.46286E-01    0.13567E+05
0.46952E-01    0.13396E+05
0.47628E-01    0.13230E+05
0.48313E-01    0.13069E+05
0.49008E-01    0.12913E+05
0.49713E-01    0.12761E+05
0.50428E-01    0.12615E+05
0.51154E-01    0.12473E+05
0.51890E-01    0.12336E+05
0.52637E-01    0.12204E+05
0.53394E-01    0.12076E+05
0.54162E-01    0.11951E+05
0.54941E-01    0.11830E+05
0.55732E-01    0.11713E+05
0.56534E-01    0.11598E+05
0.57347E-01    0.11486E+05
0.58172E-01    0.11376E+05
0.59009E-01    0.11268E+05
0.59858E-01    0.11161E+05
0.60720E-01    0.11054E+05
0.61593E-01    0.10948E+05
0.62480E-01    0.10841E+05
0.63379E-01    0.10733E+05
0.64290E-01    0.10624E+05
0.65215E-01    0.10513E+05
0.66154E-01    0.10399E+05
0.67106E-01    0.10282E+05
0.68071E-01    0.10161E+05
0.69051E-01    0.10036E+05
0.70044E-01    0.99074E+04
0.71052E-01    0.97735E+04
0.72074E-01    0.96345E+04
0.73111E-01    0.94904E+04
0.74163E-01    0.93408E+04
0.75230E-01    0.91859E+04
0.76313E-01    0.90257E+04
0.77411E-01    0.88602E+04
0.78524E-01    0.86899E+04
0.79654E-01    0.85150E+04
0.80800E-01    0.83361E+04
0.81963E-01    0.81537E+04
0.83142E-01    0.79684E+04
0.84339E-01    0.77811E+04
0.85552E-01    0.75924E+04
0.86783E-01    0.74035E+04
0.88032E-01    0.72151E+04
0.89298E-01    0.70282E+04
0.90583E-01    0.68436E+04
0.91886E-01    0.66625E+04
0.93209E-01    0.64856E+04
0.94550E-01    0.63139E+04
0.95910E-01    0.61482E+04
0.97290E-01    0.59892E+04
0.98690E-01    0.58376E+04
0.10011E+00    0.56939E+04
0.10155E+00    0.55584E+04
0.10301E+00    0.54314E+04
0.10449E+00    0.53132E+04
0.10600E+00    0.52036E+04
0.10752E+00    0.51025E+04
0.10907E+00    0.50094E+04
0.11064E+00    0.49240E+04
0.11223E+00    0.48456E+04
0.11385E+00    0.47733E+04
0.11548E+00    0.47064E+04
0.11714E+00    0.46437E+04
0.11883E+00    0.45842E+04
0.12054E+00    0.45266E+04
0.12227E+00    0.44697E+04
0.12403E+00    0.44121E+04
0.12582E+00    0.43527E+04
0.12763E+00    0.42906E+04
0.12947E+00    0.42247E+04
0.13133E+00    0.41544E+04
0.13322E+00    0.40790E+04
0.13513E+00    0.39981E+04
0.13708E+00    0.39117E+04
0.13905E+00    0.38199E+04
0.14105E+00    0.37234E+04
0.14308E+00    0.36228E+04
0.14514E+00    0.35191E+04
0.14723E+00    0.34138E+04
0.14935E+00    0.33079E+04
0.15150E+00    0.32028E+04
0.15367E+00    0.30999E+04
0.15589E+00    0.30005E+04
0.15813E+00    0.29058E+04
0.16040E+00    0.28168E+04
0.16271E+00    0.27342E+04
0.16505E+00    0.26587E+04
0.16743E+00    0.25903E+04
0.16984E+00    0.25289E+04
0.17228E+00    0.24741E+04
0.17476E+00    0.24252E+04
0.17727E+00    0.23814E+04
0.17982E+00    0.23415E+04
0.18241E+00    0.23042E+04
0.18504E+00    0.22680E+04
0.18770E+00    0.22318E+04
0.19040E+00    0.21941E+04
0.19314E+00    0.21541E+04
0.19592E+00    0.21108E+04
0.19874E+00    0.20639E+04
0.20160E+00    0.20132E+04
0.20450E+00    0.19591E+04
0.20744E+00    0.19022E+04
0.21042E+00    0.18434E+04
0.21345E+00    0.17840E+04
0.21652E+00    0.17252E+04
0.21964E+00    0.16681E+04
0.22280E+00    0.16138E+04
0.22600E+00    0.15633E+04
0.22926E+00    0.15172E+04
0.23255E+00    0.14755E+04
0.23590E+00    0.14382E+04
0.23929E+00    0.14049E+04
0.24274E+00    0.13747E+04
0.24623E+00    0.13468E+04
0.24977E+00    0.13201E+04
0.25337E+00    0.12935E+04
0.25701E+00    0.12661E+04
0.26071E+00    0.12373E+04
0.26446E+00    0.12067E+04
0.26827E+00    0.11741E+04
0.27213E+00    0.11401E+04
0.27604E+00    0.11051E+04
0.28001E+00    0.10700E+04
0.28404E+00    0.10355E+04
0.28813E+00    0.10026E+04
0.29228E+00    0.97172E+03
0.29648E+00    0.94331E+03
0.30075E+00    0.91738E+03
0.30507E+00    0.89372E+03
0.30946E+00    0.87185E+03
0.31392E+00    0.85114E+03
0.31843E+00    0.83093E+03
0.32301E+00    0.81063E+03
0.32766E+00    0.78981E+03
0.33238E+00    0.76828E+03
0.33716E+00    0.74613E+03
0.34201E+00    0.72365E+03
0.34693E+00    0.70126E+03
0.35192E+00    0.67945E+03
0.35699E+00    0.65865E+03
0.36212E+00    0.63909E+03
0.36733E+00    0.62085E+03
0.37262E+00    0.60382E+03
0.37798E+00    0.58770E+03
0.38342E+00    0.57215E+03
0.38893E+00    0.55682E+03
0.39453E+00    0.54145E+03
0.40021E+00    0.52597E+03
0.40597E+00    0.51042E+03
0.41181E+00    0.49496E+03
0.41773E+00    0.47986E+03
0.42374E+00    0.46530E+03
0.42984E+00    0.45143E+03
0.43602E+00    0.43829E+03
0.44230E+00    0.42576E+03
0.44866E+00    0.41370E+03
0.45512E+00    0.40194E+03
0.46166E+00    0.39033E+03
0.46831E+00    0.37883E+03
0.47505E+00    0.36746E+03
0.48188E+00    0.35632E+03
0.48881E+00    0.34550E+03
0.49585E+00    0.33508E+03
0.50298E+00    0.32508E+03
0.51022E+00    0.31546E+03
0.51756E+00    0.30616E+03
0.52501E+00    0.29708E+03
0.53256E+00    0.28820E+03
0.54022E+00    0.27949E+03
0.54800E+00    0.27097E+03
0.55588E+00    0.26270E+03
0.56388E+00    0.25469E+03
0.57199E+00    0.24696E+03
0.58022E+00    0.23948E+03
0.58857E+00    0.23223E+03
0.59704E+00    0.22517E+03
0.60563E+00    0.21828E+03
0.61434E+00    0.21157E+03
0.62318E+00    0.20505E+03
0.63215E+00    0.19872E+03
0.64124E+00    0.19260E+03
0.65047E+00    0.18667E+03
0.65983E+00    0.18091E+03
0.66932E+00    0.17532E+03
0.67895E+00    0.16987E+03
0.68872E+00    0.16459E+03
0.69863E+00    0.15946E+03
0.70868E+00    0.15449E+03
0.71888E+00    0.14967E+03
0.72922E+00    0.14499E+03
0.73972E+00    0.14045E+03
0.75036E+00    0.13604E+03
0.76116E+00    0.13176E+03
0.77211E+00    0.12761E+03
0.78322E+00    0.12359E+03
0.79449E+00    0.11969E+03
0.80592E+00    0.11591E+03
0.81751E+00    0.11224E+03
0.82928E+00    0.10868E+03
0.84121E+00    0.10522E+03
0.85331E+00    0.10188E+03
0.86559E+00    0.98630E+02
0.87804E+00    0.95483E+02
0.89068E+00    0.92432E+02
0.90349E+00    0.89474E+02
0.91649E+00    0.86606E+02
0.92968E+00    0.83827E+02
0.94305E+00    0.81134E+02
0.95662E+00    0.78524E+02
0.97039E+00    0.75994E+02
0.98435E+00    0.73542E+02
0.99851E+00    0.71166E+02
0.10129E+01    0.68864E+02
0.10275E+01    0.66633E+02
0.10422E+01    0.64472E+02
0.10572E+01    0.62378E+02
0.10724E+01    0.60349E+02
0.10879E+01    0.58384E+02
0.11035E+01    0.56480E+02
0.11194E+01    0.54636E+02
0.11355E+01    0.52850E+02
0.11518E+01    0.51120E+02
0.11684E+01    0.49445E+02
0.11852E+01    0.47823E+02
0.12023E+01    0.46252E+02
0.12196E+01    0.44731E+02
0.12371E+01    0.43258E+02
0.12549E+01    0.41833E+02
0.12730E+01    0.40452E+02
0.12913E+01    0.39115E+02
0.13099E+01    0.37821E+02
0.13287E+01    0.36569E+02
0.13479E+01    0.35356E+02
0.13672E+01    0.34182E+02
0.13869E+01    0.33046E+02
0.14069E+01    0.31947E+02
0.14271E+01    0.30883E+02
0.14476E+01    0.29853E+02
0.14685E+01    0.28857E+02
0.14896E+01    0.27892E+02
0.15110E+01    0.26959E+02
0.15328E+01    0.26057E+02
0.15548E+01    0.25183E+02
0.15772E+01    0.24338E+02
0.15999E+01    0.23520E+02
0.16229E+01    0.22729E+02
0.16463E+01    0.21964E+02
0.16700E+01    0.21224E+02
0.16940E+01    0.20508E+02
0.17184E+01    0.19816E+02
0.17431E+01    0.19146E+02
0.17682E+01    0.18498E+02
0.17936E+01    0.17872E+02
0.18194E+01    0.17266E+02
0.18456E+01    0.16680E+02
0.18721E+01    0.16114E+02
0.18991E+01    0.15566E+02
0.19264E+01    0.15036E+02
0.19541E+01    0.14524E+02
0.19822E+01    0.14029E+02
0.20108E+01    0.13550E+02
0.20397E+01    0.13087E+02
0.20690E+01    0.12640E+02
0.20988E+01    0.12208E+02
0.21290E+01    0.11789E+02
0.21596E+01    0.11385E+02
0.21907E+01    0.10995E+02
0.22222E+01    0.10617E+02
0.22542E+01    0.10252E+02
0.22866E+01    0.98997E+01
0.23195E+01    0.95589E+01
0.23529E+01    0.92295E+01
0.23868E+01    0.89112E+01
0.24211E+01    0.86036E+01
0.24559E+01    0.83064E+01
0.24913E+01    0.80192E+01
0.25271E+01    0.77418E+01
0.25635E+01    0.74737E+01
0.26004E+01    0.72146E+01
0.26378E+01    0.69644E+01
0.26757E+01    0.67226E+01
0.27142E+01    0.64891E+01
0.27533E+01    0.62635E+01
0.27929E+01    0.60455E+01
0.28331E+01    0.58350E+01
0.28739E+01    0.56316E+01
0.29152E+01    0.54352E+01
0.29572E+01    0.52455E+01
0.29997E+01    0.50623E+01
0.30429E+01    0.48853E+01
0.30866E+01    0.47144E+01
0.31311E+01    0.45493E+01
0.31761E+01    0.43900E+01
0.32218E+01    0.42360E+01
0.32682E+01    0.40874E+01
0.33152E+01    0.39439E+01
0.33629E+01    0.38053E+01
0.34113E+01    0.36715E+01
0.34603E+01    0.35423E+01
0.35101E+01    0.34176E+01
0.35606E+01    0.32971E+01
0.36119E+01    0.31809E+01
0.36638E+01    0.30686E+01
0.37166E+01    0.29603E+01
0.37700E+01    0.28557E+01
0.38243E+01    0.27547E+01
0.38793E+01    0.26572E+01
0.39351E+01    0.25632E+01
0.39917E+01    0.24723E+01
0.40492E+01    0.23847E+01
0.41074E+01    0.23001E+01
0.41665E+01    0.22184E+01
0.42265E+01    0.21396E+01
0.42873E+01    0.20636E+01
0.43490E+01    0.19902E+01
0.44116E+01    0.19193E+01
0.44750E+01    0.18510E+01
0.45394E+01    0.17850E+01
0.46047E+01    0.17214E+01
0.46710E+01    0.16599E+01
0.47382E+01    0.16007E+01
0.48064E+01    0.15435E+01
0.48755E+01    0.14883E+01
0.49457E+01    0.14351E+01
0.50168E+01    0.13837E+01
0.50890E+01    0.13342E+01
0.51622E+01    0.12864E+01
0.52365E+01    0.12402E+01
0.53119E+01    0.11958E+01
0.53883E+01    0.11528E+01
0.54658E+01    0.11114E+01
0.55445E+01    0.10715E+01
0.56242E+01    0.10330E+01
0.57052E+01    0.99579E+00
0.57872E+01    0.95994E+00
0.58705E+01    0.92537E+00
0.59550E+01    0.89202E+00
0.60407E+01    0.85985E+00
0.61276E+01    0.82883E+00
0.62157E+01    0.79891E+00
0.63052E+01    0.77005E+00
0.63959E+01    0.74222E+00
0.64879E+01    0.71539E+00
0.65813E+01    0.68951E+00
0.66760E+01    0.66455E+00
0.67720E+01    0.64048E+00
0.68694E+01    0.61727E+00
0.69683E+01    0.59490E+00
0.70686E+01    0.57332E+00
0.71702E+01    0.55251E+00
0.72734E+01    0.53245E+00
0.73781E+01    0.51311E+00
0.74842E+01    0.49446E+00
0.75919E+01    0.47647E+00
0.77012E+01    0.45914E+00
0.78120E+01    0.44242E+00
0.79244E+01    0.42631E+00
0.80384E+01    0.41078E+00
0.81540E+01    0.39580E+00
0.82714E+01    0.38137E+00
0.83904E+01    0.36745E+00
0.85111E+01    0.35403E+00
0.86335E+01    0.34110E+00
0.87578E+01    0.32864E+00
0.88838E+01    0.31662E+00
0.90116E+01    0.30504E+00
0.91413E+01    0.29388E+00
0.92728E+01    0.28312E+00
0.94062E+01    0.27274E+00
0.95415E+01    0.26275E+00
0.96788E+01    0.25312E+00
0.98181E+01    0.24383E+00
0.99594E+01    0.23488E+00
0.10103E+02    0.22626E+00
0.10248E+02    0.21795E+00
0.10395E+02    0.20994E+00
0.10545E+02    0.20222E+00
0.10697E+02    0.19478E+00
0.10851E+02    0.18762E+00
0.11007E+02    0.18071E+00
0.11165E+02    0.17405E+00
0.11326E+02    0.16764E+00
0.11489E+02    0.16146E+00
0.11654E+02    0.15551E+00
0.11822E+02    0.14977E+00
0.11992E+02    0.14424E+00
0.12164E+02    0.13892E+00
0.12339E+02    0.13379E+00
0.12517E+02    0.12884E+00
0.12697E+02    0.12408E+00
0.12880E+02    0.11949E+00
0.13065E+02    0.11507E+00
0.13253E+02    0.11081E+00
0.13444E+02    0.10671E+00
0.13637E+02    0.10275E+00
0.13833E+02    0.98945E-01
0.14032E+02    0.95277E-01
0.14234E+02    0.91743E-01
0.14439E+02    0.88339E-01
0.14647E+02    0.85060E-01
0.14858E+02    0.81901E-01
0.15071E+02    0.78858E-01
0.15288E+02    0.75928E-01
0.15508E+02    0.73105E-01
0.15731E+02    0.70386E-01
0.15958E+02    0.67767E-01
0.16187E+02    0.65245E-01
0.16420E+02    0.62815E-01
0.16656E+02    0.60476E-01
0.16896E+02    0.58222E-01
0.17139E+02    0.56052E-01
0.17386E+02    0.53962E-01
0.17636E+02    0.51948E-01
0.17890E+02    0.50010E-01
0.18147E+02    0.48143E-01
0.18408E+02    0.46345E-01
0.18673E+02    0.44613E-01
0.18942E+02    0.42946E-01
0.19214E+02    0.41340E-01
0.19491E+02    0.39794E-01
0.19771E+02    0.38305E-01
0.20056E+02    0.36872E-01
0.20344E+02    0.35491E-01
0.20637E+02    0.34162E-01
0.20934E+02    0.32882E-01
0.21235E+02    0.31649E-01
0.21541E+02    0.30463E-01
0.21851E+02    0.29320E-01
0.22165E+02    0.28220E-01
0.22484E+02    0.27161E-01
0.22807E+02    0.26141E-01
0.23136E+02    0.25159E-01
0.23468E+02    0.24214E-01
0.23806E+02    0.23304E-01
0.24149E+02    0.22428E-01
0.24496E+02    0.21584E-01
0.24849E+02    0.20772E-01
0.25206E+02    0.19990E-01
0.25569E+02    0.19238E-01
0.25937E+02    0.18513E-01
0.26310E+02    0.17816E-01
0.26688E+02    0.17144E-01
0.27072E+02    0.16498E-01
0.27462E+02    0.15876E-01
0.27857E+02    0.15277E-01
0.28258E+02    0.14700E-01
0.28664E+02    0.14145E-01
0.29077E+02    0.13611E-01
0.29495E+02    0.13097E-01
0.29920E+02    0.12602E-01
0.30350E+02    0.12126E-01
0.30787E+02    0.11667E-01
0.31230E+02    0.11226E-01
0.31679E+02    0.10801E-01
0.32135E+02    0.10392E-01
0.32597E+02    0.99988E-02
0.33066E+02    0.96202E-02
0.33542E+02    0.92557E-02
0.34025E+02    0.89049E-02
0.34514E+02    0.85673E-02
0.35011E+02    0.82424E-02
0.35515E+02    0.79298E-02
0.36025E+02    0.76289E-02
0.36544E+02    0.73393E-02
0.37070E+02    0.70606E-02
0.37603E+02    0.67924E-02
0.38144E+02    0.65343E-02
0.38693E+02    0.62860E-02
0.39250E+02    0.60470E-02
0.39814E+02    0.58170E-02
0.40387E+02    0.55957E-02
0.40968E+02    0.53828E-02
0.41558E+02    0.51779E-02
0.42156E+02    0.49807E-02
0.42762E+02    0.47910E-02
0.43377E+02    0.46084E-02
0.44002E+02    0.44328E-02
0.44635E+02    0.42637E-02
0.45277E+02    0.41011E-02
0.45928E+02    0.39447E-02
0.46589E+02    0.37941E-02
0.47260E+02    0.36493E-02
0.47940E+02    0.35099E-02
0.48629E+02    0.33758E-02
0.49329E+02    0.32468E-02
0.50039E+02    0.31227E-02
0.50759E+02    0.30033E-02
0.51489E+02    0.28884E-02
0.52230E+02    0.27779E-02
0.52981E+02    0.26715E-02
0.53744E+02    0.25692E-02
0.54517E+02    0.24708E-02
0.55301E+02    0.23762E-02
0.56097E+02    0.22851E-02
0.56904E+02    0.21975E-02
0.57723E+02    0.21132E-02
0.58554E+02    0.20321E-02
0.59396E+02    0.19541E-02
0.60251E+02    0.18791E-02
0.61117E+02    0.18069E-02
0.61997E+02    0.17375E-02
0.62889E+02    0.16707E-02
0.63794E+02    0.16065E-02
0.64712E+02    0.15447E-02
0.65643E+02    0.14853E-02
0.66587E+02    0.14281E-02
0.67545E+02    0.13732E-02
0.68517E+02    0.13203E-02
0.69503E+02    0.12694E-02
0.70503E+02    0.12205E-02
0.71517E+02    0.11734E-02
0.72546E+02    0.11282E-02
0.73590E+02    0.10846E-02
0.74649E+02    0.10428E-02
0.75723E+02    0.10025E-02
0.76813E+02    0.96378E-03
0.77918E+02    0.92654E-03
0.79039E+02    0.89072E-03
0.80176E+02    0.85627E-03
0.81330E+02    0.82314E-03
0.82500E+02    0.79129E-03
0.83687E+02    0.76065E-03
0.84891E+02    0.73118E-03
0.86113E+02    0.70285E-03
0.87352E+02    0.67560E-03
0.88608E+02    0.64940E-03
0.89883E+02    0.62420E-03
0.91177E+02    0.59997E-03
0.92488E+02    0.57667E-03
0.93819E+02    0.55427E-03
0.95169E+02    0.53273E-03
0.96538E+02    0.51201E-03
0.97927E+02    0.49209E-03
0.99336E+02    0.47294E-03
0.10077E+03    0.45452E-03